      104	2025-08-01 08:01:31	3	0	1	0
       87	2025-08-01 08:01:43	3	0	1	0
       25	2025-08-01 08:01:52	3	0	1	0
       81	2025-08-01 08:07:53	3	0	1	0
       15	2025-08-01 08:12:09	3	0	4	0
       41	2025-08-01 08:14:59	3	0	1	0
       61	2025-08-01 08:16:06	3	0	1	0
      167	2025-08-01 08:17:20	3	0	1	0
       84	2025-08-01 08:18:36	3	0	1	0
       90	2025-08-01 08:18:49	3	0	1	0
       68	2025-08-01 08:20:20	3	0	1	0
       91	2025-08-01 08:24:14	3	0	1	0
       78	2025-08-01 08:24:20	3	0	1	0
       67	2025-08-01 08:24:45	3	0	1	0
       77	2025-08-01 08:25:34	3	0	1	0
       80	2025-08-01 08:27:23	3	0	1	0
       86	2025-08-01 08:29:51	3	0	1	0
      105	2025-08-01 08:33:12	3	0	1	0
      105	2025-08-01 08:33:17	3	0	1	0
       90	2025-08-01 08:39:37	3	0	1	0
       83	2025-08-01 08:48:01	3	0	1	0
       73	2025-08-01 08:48:14	3	0	1	0
      131	2025-08-01 08:49:20	3	0	1	0
       75	2025-08-01 08:54:37	3	0	1	0
        8	2025-08-01 08:58:43	3	0	1	0
      110	2025-08-01 09:06:45	3	0	3	0
       75	2025-08-01 09:07:54	3	0	1	0
       90	2025-08-01 09:22:27	3	0	1	0
        8	2025-08-01 09:35:03	3	0	1	0
      168	2025-08-01 09:39:02	3	0	4	0
      179	2025-08-01 09:42:39	3	0	4	0
       19	2025-08-01 09:56:21	3	0	1	0
       68	2025-08-01 10:10:26	3	0	1	0
       68	2025-08-01 10:36:57	3	0	1	0
       15	2025-08-01 10:56:25	3	0	4	0
        2	2025-08-01 11:03:40	3	0	1	0
       86	2025-08-01 11:14:40	3	0	1	0
       77	2025-08-01 11:21:55	3	0	1	0
       78	2025-08-01 11:23:02	3	0	1	0
       91	2025-08-01 11:23:06	3	0	1	0
       86	2025-08-01 11:29:45	3	0	1	0
      105	2025-08-01 11:32:11	3	0	1	0
       41	2025-08-01 11:36:05	3	0	1	0
       77	2025-08-01 11:39:42	3	0	1	0
       91	2025-08-01 11:40:50	3	0	1	0
       78	2025-08-01 11:40:54	3	0	1	0
      179	2025-08-01 11:44:26	3	0	4	0
      179	2025-08-01 11:44:28	3	0	4	0
       80	2025-08-01 11:49:37	3	0	1	0
       80	2025-08-01 11:49:39	3	0	1	0
       81	2025-08-01 11:49:42	3	0	1	0
       67	2025-08-01 11:49:47	3	0	1	0
      131	2025-08-01 11:52:24	3	0	1	0
       83	2025-08-01 11:53:41	3	0	1	0
       90	2025-08-01 11:59:02	3	0	1	0
       41	2025-08-01 11:59:59	3	0	1	0
      104	2025-08-01 12:06:03	3	0	1	0
       80	2025-08-01 12:06:16	3	0	1	0
       67	2025-08-01 12:06:20	3	0	1	0
       81	2025-08-01 12:06:23	3	0	1	0
       84	2025-08-01 12:31:20	3	0	1	0
       90	2025-08-01 12:46:03	3	0	1	0
        3	2025-08-01 12:52:32	3	0	4	0
       83	2025-08-01 13:50:18	3	0	1	0
       90	2025-08-01 14:15:10	3	0	1	0
       84	2025-08-01 14:15:51	3	0	1	0
       83	2025-08-01 14:16:36	3	0	1	0
       68	2025-08-01 14:43:50	3	0	1	0
        8	2025-08-01 14:44:46	3	0	1	0
       81	2025-08-01 15:29:35	3	0	1	0
       86	2025-08-01 15:29:58	3	0	1	0
       80	2025-08-01 15:30:04	3	0	1	0
       67	2025-08-01 15:30:11	3	0	1	0
       77	2025-08-01 15:30:59	3	0	1	0
       78	2025-08-01 15:31:19	3	0	1	0
       91	2025-08-01 15:31:22	3	0	1	0
      131	2025-08-01 15:31:49	3	0	1	0
       73	2025-08-01 15:32:01	3	0	1	0
      105	2025-08-01 15:33:06	3	1	1	0
       87	2025-08-01 15:33:20	3	1	1	0
      167	2025-08-01 15:41:16	3	1	1	0
       41	2025-08-01 15:47:03	3	1	1	0
        2	2025-08-01 15:59:26	3	1	1	0
        2	2025-08-01 15:59:29	3	1	1	0
       25	2025-08-01 15:59:34	3	1	1	0
      104	2025-08-01 15:59:38	3	1	1	0
       83	2025-08-01 15:59:53	3	1	1	0
       75	2025-08-01 15:59:57	3	1	1	0
        8	2025-08-01 16:01:12	3	1	1	0
       75	2025-08-01 16:13:48	3	1	1	0
       61	2025-08-01 16:23:05	3	1	1	0
       87	2025-08-04 07:58:07	3	0	1	0
       16	2025-08-04 08:07:54	3	0	4	0
       15	2025-08-04 08:09:01	3	0	4	0
       55	2025-08-04 08:09:14	3	0	1	0
       55	2025-08-04 08:09:18	3	0	1	0
       90	2025-08-04 08:14:40	3	0	1	0
       81	2025-08-04 08:15:24	3	0	1	0
       61	2025-08-04 08:15:39	3	0	1	0
       41	2025-08-04 08:19:39	3	0	1	0
       68	2025-08-04 08:21:57	3	0	1	0
       91	2025-08-04 08:22:04	3	0	1	0
       77	2025-08-04 08:23:46	3	0	1	0
       73	2025-08-04 08:24:06	3	0	1	0
       84	2025-08-04 08:24:30	3	0	1	0
       67	2025-08-04 08:25:11	3	0	1	0
       78	2025-08-04 08:25:32	3	0	1	0
      131	2025-08-04 08:26:20	3	0	1	0
       86	2025-08-04 08:26:31	3	0	1	0
       80	2025-08-04 08:30:39	3	0	1	0
      105	2025-08-04 08:32:19	3	0	1	0
      105	2025-08-04 08:32:24	3	0	1	0
      179	2025-08-04 08:44:40	3	0	4	0
       75	2025-08-04 08:45:23	3	0	1	0
       60	2025-08-04 08:49:01	3	0	4	0
       14	2025-08-04 08:52:55	3	0	4	0
      178	2025-08-04 08:56:30	3	0	4	0
        8	2025-08-04 08:58:01	3	0	1	0
      110	2025-08-04 09:11:10	3	0	3	0
       14	2025-08-04 09:14:43	3	0	1	0
       83	2025-08-04 09:18:22	3	0	1	0
       90	2025-08-04 09:37:15	3	0	1	0
       14	2025-08-04 09:42:40	3	0	4	0
      168	2025-08-04 09:48:00	3	0	4	0
       22	2025-08-04 09:48:48	3	0	1	0
       16	2025-08-04 09:53:32	3	0	4	0
       14	2025-08-04 09:53:54	3	0	4	0
       68	2025-08-04 10:23:34	3	0	1	0
      168	2025-08-04 10:24:34	3	0	4	0
        2	2025-08-04 10:30:59	3	0	1	0
        2	2025-08-04 10:31:03	3	0	1	0
        9	2025-08-04 10:44:11	3	0	1	0
       83	2025-08-04 10:52:52	3	0	1	0
       68	2025-08-04 11:03:40	3	0	1	0
       86	2025-08-04 11:12:03	3	0	1	0
       87	2025-08-04 11:14:54	3	0	1	0
       77	2025-08-04 11:24:27	3	0	1	0
       86	2025-08-04 11:27:35	3	0	1	0
      105	2025-08-04 11:34:13	3	0	1	0
       77	2025-08-04 11:37:59	3	0	1	0
       91	2025-08-04 11:39:33	3	0	1	0
       78	2025-08-04 11:39:39	3	0	1	0
       80	2025-08-04 11:42:45	3	0	1	0
       81	2025-08-04 11:43:05	3	0	1	0
       67	2025-08-04 11:43:20	3	0	1	0
       83	2025-08-04 11:52:05	3	0	1	0
       91	2025-08-04 11:55:04	3	0	1	0
       78	2025-08-04 11:55:08	3	0	1	0
      168	2025-08-04 11:56:03	3	0	4	0
       80	2025-08-04 11:58:55	3	0	1	0
       81	2025-08-04 11:59:03	3	0	1	0
       67	2025-08-04 11:59:08	3	0	1	0
        2	2025-08-04 12:00:39	3	0	1	0
        2	2025-08-04 12:00:42	3	0	1	0
       83	2025-08-04 12:18:39	3	0	1	0
       15	2025-08-04 12:23:13	3	0	4	0
       14	2025-08-04 12:29:55	3	0	4	0
       90	2025-08-04 12:51:03	3	0	1	0
       61	2025-08-04 13:00:06	3	5	1	0
       90	2025-08-04 13:18:15	3	5	1	0
       14	2025-08-04 13:36:39	3	5	4	0
        2	2025-08-04 13:41:03	3	5	1	0
       60	2025-08-04 13:44:24	3	5	4	0
       80	2025-08-04 13:47:48	3	5	1	0
       61	2025-08-04 13:57:00	3	4	1	0
       84	2025-08-04 14:11:32	3	4	1	0
       87	2025-08-04 14:13:06	3	4	1	0
       55	2025-08-04 14:13:18	3	4	1	0
      105	2025-08-04 14:13:24	3	4	1	0
       41	2025-08-04 14:13:35	3	4	1	0
       73	2025-08-04 14:16:51	3	4	1	0
       86	2025-08-04 14:19:28	3	4	1	0
        8	2025-08-04 14:43:27	3	5	1	0
       80	2025-08-04 15:05:18	3	5	1	0
       81	2025-08-04 15:05:28	3	5	1	0
       67	2025-08-04 15:05:33	3	5	1	0
      131	2025-08-04 15:09:48	3	5	1	0
       73	2025-08-04 15:17:19	3	5	1	0
      105	2025-08-04 15:17:59	3	5	1	0
       41	2025-08-04 15:18:06	3	5	1	0
       87	2025-08-04 15:18:14	3	5	1	0
       55	2025-08-04 15:18:20	3	5	1	0
       86	2025-08-04 15:18:56	3	5	1	0
       77	2025-08-04 15:19:53	3	5	1	0
       78	2025-08-04 15:32:02	3	5	1	0
       91	2025-08-04 15:32:06	3	5	1	0
       91	2025-08-04 15:32:09	3	5	1	0
        8	2025-08-04 15:45:58	3	5	1	0
      178	2025-08-04 15:55:15	3	5	4	0
       80	2025-08-04 16:07:27	3	5	1	0
       81	2025-08-04 16:07:44	3	5	1	0
       16	2025-08-04 16:10:37	3	5	4	0
      110	2025-08-04 16:11:03	3	5	3	0
      131	2025-08-04 16:11:09	3	5	1	0
       67	2025-08-04 16:11:14	3	5	1	0
       60	2025-08-04 16:11:49	3	5	4	0
        2	2025-08-04 16:15:44	3	5	1	0
       83	2025-08-04 16:17:58	3	5	1	0
       77	2025-08-04 16:18:06	3	5	1	0
      179	2025-08-04 16:27:05	3	5	4	0
       91	2025-08-04 16:27:11	3	5	1	0
       78	2025-08-04 16:27:15	3	5	1	0
       14	2025-08-04 16:30:10	3	5	4	0
       14	2025-08-04 16:45:06	3	5	1	0
       83	2025-08-04 16:56:51	3	5	1	0
       14	2025-08-04 17:21:44	3	5	4	0
      115	2025-08-04 18:27:40	3	5	1	0
       86	2025-08-04 18:29:55	3	5	1	0
       81	2025-08-04 18:30:02	3	5	1	0
       80	2025-08-04 18:31:19	3	5	1	0
       67	2025-08-04 18:31:25	3	5	1	0
       77	2025-08-04 18:31:53	3	5	1	0
      105	2025-08-04 18:32:03	3	5	1	0
       41	2025-08-04 18:32:08	3	5	1	0
       87	2025-08-04 18:32:14	3	5	1	0
       55	2025-08-04 18:32:21	3	5	1	0
       73	2025-08-04 18:32:31	3	5	1	0
      131	2025-08-04 18:33:03	3	5	1	0
       91	2025-08-04 18:34:02	3	5	1	0
       78	2025-08-04 18:34:06	3	5	1	0
       61	2025-08-04 18:35:39	3	1	1	0
        2	2025-08-04 19:00:30	3	1	1	0
        2	2025-08-04 19:00:34	3	1	1	0
       83	2025-08-04 19:03:18	3	1	1	0
       75	2025-08-04 19:03:22	3	1	1	0
        8	2025-08-04 19:04:20	3	1	1	0
       87	2025-08-05 07:45:48	3	0	1	0
       25	2025-08-05 07:53:56	3	0	1	0
       14	2025-08-05 07:54:27	3	0	4	0
       14	2025-08-05 08:03:21	3	0	4	0
      105	2025-08-05 08:08:05	3	0	1	0
      105	2025-08-05 08:08:09	3	0	1	0
       81	2025-08-05 08:11:43	3	0	1	0
       15	2025-08-05 08:13:52	3	0	4	0
       41	2025-08-05 08:14:00	3	0	1	0
       68	2025-08-05 08:14:08	3	0	1	0
       61	2025-08-05 08:14:40	3	0	1	0
       90	2025-08-05 08:18:29	3	0	1	0
      131	2025-08-05 08:18:55	3	0	1	0
       91	2025-08-05 08:20:00	3	0	1	0
       55	2025-08-05 08:24:17	3	0	1	0
       55	2025-08-05 08:24:22	3	0	1	0
       78	2025-08-05 08:24:29	3	0	1	0
       67	2025-08-05 08:24:45	3	0	1	0
       80	2025-08-05 08:26:03	3	0	1	0
       84	2025-08-05 08:26:10	3	0	1	0
       86	2025-08-05 08:26:51	3	0	1	0
       73	2025-08-05 08:30:43	3	0	1	0
       75	2025-08-05 08:43:57	3	0	1	0
       90	2025-08-05 08:44:57	3	0	1	0
       90	2025-08-05 08:56:49	3	0	1	0
        8	2025-08-05 08:58:41	3	0	1	0
       15	2025-08-05 09:00:58	3	0	4	0
       16	2025-08-05 09:04:25	3	0	4	0
      178	2025-08-05 09:06:55	3	0	4	0
       90	2025-08-05 09:12:00	3	0	1	0
       90	2025-08-05 09:16:29	3	0	1	0
       83	2025-08-05 09:16:50	3	0	1	0
      110	2025-08-05 09:19:42	3	0	3	0
      168	2025-08-05 09:20:04	3	0	4	0
       60	2025-08-05 09:21:36	3	0	4	0
      179	2025-08-05 09:32:56	3	0	4	0
       14	2025-08-05 09:45:13	3	0	4	0
      168	2025-08-05 09:47:35	3	0	4	0
       90	2025-08-05 09:51:49	3	0	1	0
       77	2025-08-05 09:52:35	3	0	1	0
        2	2025-08-05 10:35:30	3	0	1	0
       90	2025-08-05 10:37:41	3	0	1	0
       83	2025-08-05 10:45:29	3	0	1	0
       15	2025-08-05 10:59:34	3	0	4	0
       15	2025-08-05 10:59:37	3	0	4	0
       86	2025-08-05 11:13:48	3	0	1	0
       90	2025-08-05 11:17:33	3	0	1	0
       55	2025-08-05 11:19:02	3	0	1	0
       14	2025-08-05 11:21:37	3	0	4	0
       77	2025-08-05 11:22:46	3	0	1	0
       86	2025-08-05 11:30:08	3	0	1	0
      131	2025-08-05 11:36:32	3	0	1	0
      168	2025-08-05 11:41:28	3	0	4	0
       91	2025-08-05 11:42:45	3	0	1	0
       78	2025-08-05 11:42:49	3	0	1	0
       83	2025-08-05 11:45:14	3	0	1	0
       41	2025-08-05 11:46:05	3	0	1	0
       41	2025-08-05 11:56:33	3	0	1	0
       91	2025-08-05 11:59:21	3	0	1	0
       78	2025-08-05 11:59:31	3	0	1	0
       80	2025-08-05 12:01:06	3	0	1	0
       81	2025-08-05 12:01:16	3	0	1	0
       67	2025-08-05 12:01:21	3	0	1	0
       90	2025-08-05 12:02:23	3	0	1	0
       80	2025-08-05 12:15:42	3	0	1	0
       81	2025-08-05 12:15:51	3	0	1	0
       67	2025-08-05 12:15:56	3	0	1	0
       83	2025-08-05 12:47:04	3	0	1	0
       60	2025-08-05 13:03:20	3	0	4	0
      178	2025-08-05 13:07:59	3	0	4	0
      178	2025-08-05 13:08:02	3	0	4	0
        2	2025-08-05 13:12:29	3	0	1	0
      110	2025-08-05 13:13:00	3	0	3	0
       91	2025-08-05 13:18:25	3	0	1	0
       61	2025-08-05 13:39:15	3	5	1	0
        2	2025-08-05 13:39:33	3	5	1	0
       87	2025-08-05 13:40:10	3	5	1	0
       80	2025-08-05 13:59:07	3	5	1	0
       87	2025-08-05 14:09:55	3	5	1	0
      105	2025-08-05 14:09:59	3	5	1	0
       55	2025-08-05 14:10:04	3	5	1	0
       41	2025-08-05 14:10:12	3	5	1	0
       84	2025-08-05 14:14:26	3	5	1	0
       86	2025-08-05 14:15:46	3	5	1	0
       73	2025-08-05 14:19:15	3	5	1	0
       61	2025-08-05 14:33:54	3	4	1	0
      178	2025-08-05 14:43:09	3	4	4	0
       16	2025-08-05 14:44:14	3	4	4	0
      179	2025-08-05 14:48:34	3	4	4	0
       80	2025-08-05 14:49:32	3	4	1	0
       80	2025-08-05 15:05:17	3	4	1	0
       67	2025-08-05 15:05:22	3	4	1	0
       81	2025-08-05 15:05:33	3	4	1	0
       16	2025-08-05 15:07:36	3	4	4	0
      105	2025-08-05 15:11:46	3	4	1	0
       87	2025-08-05 15:11:53	3	4	1	0
       41	2025-08-05 15:11:59	3	4	1	0
       55	2025-08-05 15:12:07	3	4	1	0
       86	2025-08-05 15:16:27	3	4	1	0
       77	2025-08-05 15:16:57	3	4	1	0
       73	2025-08-05 15:19:08	3	4	1	0
      131	2025-08-05 15:21:40	3	4	1	0
       25	2025-08-05 15:21:46	3	4	1	0
       78	2025-08-05 15:31:59	3	4	1	0
       91	2025-08-05 15:32:03	3	4	1	0
       22	2025-08-05 15:35:37	3	4	1	0
       15	2025-08-05 15:41:24	3	4	4	0
       68	2025-08-05 15:42:32	3	4	1	0
        8	2025-08-05 15:51:46	3	4	1	0
      110	2025-08-05 15:56:24	3	4	3	0
       60	2025-08-05 15:59:43	3	4	4	0
       80	2025-08-05 16:04:13	3	4	1	0
       81	2025-08-05 16:04:22	3	4	1	0
        2	2025-08-05 16:07:50	3	4	1	0
       67	2025-08-05 16:07:59	3	4	1	0
       14	2025-08-05 16:18:22	3	4	4	0
       77	2025-08-05 16:19:38	3	4	1	0
       25	2025-08-05 16:21:02	3	4	1	0
      131	2025-08-05 16:21:11	3	4	1	0
       75	2025-08-05 16:25:41	3	4	1	0
       91	2025-08-05 16:29:37	3	4	1	0
       78	2025-08-05 16:29:41	3	4	1	0
       83	2025-08-05 17:00:35	3	4	1	0
       60	2025-08-05 18:21:16	3	4	4	0
       81	2025-08-05 18:30:05	3	4	1	0
       86	2025-08-05 18:30:26	3	4	1	0
       80	2025-08-05 18:30:34	3	4	1	0
       67	2025-08-05 18:30:40	3	4	1	0
       41	2025-08-05 18:31:19	3	4	1	0
      131	2025-08-05 18:31:36	3	4	1	0
       87	2025-08-05 18:31:42	3	4	1	0
       77	2025-08-05 18:31:48	3	4	1	0
       73	2025-08-05 18:33:14	3	4	1	0
       25	2025-08-05 18:33:30	3	4	1	0
      105	2025-08-05 18:33:34	3	4	1	0
       55	2025-08-05 18:33:40	3	4	1	0
       25	2025-08-05 18:34:39	3	4	1	0
       91	2025-08-05 18:35:00	3	4	1	0
       78	2025-08-05 18:35:05	3	4	1	0
       61	2025-08-05 18:36:40	3	1	1	0
        2	2025-08-05 18:53:47	3	1	1	0
        8	2025-08-05 19:04:19	3	1	1	0
       83	2025-08-05 19:23:47	3	1	1	0
       75	2025-08-05 19:23:57	3	1	1	0
       87	2025-08-06 07:39:14	3	1	1	0
      104	2025-08-06 07:43:26	3	1	1	0
      105	2025-08-06 08:12:11	3	0	1	0
      105	2025-08-06 08:12:16	3	0	1	0
       41	2025-08-06 08:17:18	3	0	1	0
       55	2025-08-06 08:19:28	3	0	1	0
       55	2025-08-06 08:19:31	3	0	1	0
       73	2025-08-06 08:19:39	3	0	1	0
       61	2025-08-06 08:20:24	3	0	1	0
       90	2025-08-06 08:20:50	3	0	1	0
       90	2025-08-06 08:20:53	3	0	1	0
       15	2025-08-06 08:22:09	3	0	4	0
       81	2025-08-06 08:22:19	3	0	1	0
      131	2025-08-06 08:25:12	3	0	1	0
       84	2025-08-06 08:25:19	3	0	1	0
       80	2025-08-06 08:26:16	3	0	1	0
       67	2025-08-06 08:26:21	3	0	1	0
       77	2025-08-06 08:26:43	3	0	1	0
       86	2025-08-06 08:26:57	3	0	1	0
       86	2025-08-06 08:27:01	3	0	1	0
       78	2025-08-06 08:28:29	3	0	1	0
       91	2025-08-06 08:29:32	3	0	1	0
       75	2025-08-06 08:48:23	3	0	1	0
       60	2025-08-06 08:50:30	3	0	4	0
       83	2025-08-06 08:54:50	3	0	1	0
        8	2025-08-06 08:58:58	3	0	1	0
      179	2025-08-06 09:00:42	3	0	4	0
       90	2025-08-06 09:05:18	3	0	1	0
      178	2025-08-06 09:09:19	3	0	4	0
       15	2025-08-06 09:14:55	3	0	4	0
      110	2025-08-06 09:15:29	3	0	3	0
       90	2025-08-06 09:17:58	3	0	1	0
      168	2025-08-06 09:24:15	3	0	4	0
       90	2025-08-06 09:29:44	3	0	1	0
       90	2025-08-06 09:41:09	3	0	1	0
       14	2025-08-06 09:59:04	3	0	4	0
       90	2025-08-06 10:04:02	3	0	1	0
       90	2025-08-06 10:11:34	3	0	1	0
        2	2025-08-06 10:31:19	3	0	1	0
      168	2025-08-06 10:33:25	3	0	4	0
       90	2025-08-06 10:35:15	3	0	1	0
       90	2025-08-06 10:59:08	3	0	1	0
       86	2025-08-06 11:13:55	3	0	1	0
       77	2025-08-06 11:25:15	3	0	1	0
       86	2025-08-06 11:29:18	3	0	1	0
       90	2025-08-06 11:33:05	3	0	1	0
       80	2025-08-06 11:35:59	3	0	1	0
       81	2025-08-06 11:36:12	3	0	1	0
       67	2025-08-06 11:36:16	3	0	1	0
       91	2025-08-06 11:36:24	3	0	1	0
       77	2025-08-06 11:43:03	3	0	1	0
       61	2025-08-06 11:49:02	3	5	1	0
       91	2025-08-06 11:50:25	3	5	1	0
       83	2025-08-06 11:51:47	3	5	1	0
       80	2025-08-06 11:53:54	3	5	1	0
       67	2025-08-06 11:53:58	3	5	1	0
       81	2025-08-06 11:54:02	3	5	1	0
      168	2025-08-06 11:55:53	3	5	4	0
       83	2025-08-06 11:56:38	3	5	1	0
       16	2025-08-06 11:57:18	3	5	4	0
       61	2025-08-06 12:01:52	3	4	1	0
      179	2025-08-06 12:08:02	3	4	4	0
      179	2025-08-06 12:08:05	3	4	4	0
       14	2025-08-06 12:16:46	3	4	4	0
       75	2025-08-06 13:04:24	3	4	1	0
       61	2025-08-06 13:05:32	3	5	1	0
       80	2025-08-06 13:38:35	3	5	1	0
       61	2025-08-06 13:59:54	3	4	1	0
      105	2025-08-06 14:11:55	3	4	1	0
       41	2025-08-06 14:12:01	3	4	1	0
       55	2025-08-06 14:12:09	3	4	1	0
       87	2025-08-06 14:12:14	3	4	1	0
       73	2025-08-06 14:16:49	3	4	1	0
       86	2025-08-06 14:18:30	3	4	1	0
        8	2025-08-06 14:36:37	3	5	1	0
        8	2025-08-06 14:54:13	3	5	1	0
       80	2025-08-06 15:08:27	3	5	1	0
       81	2025-08-06 15:08:37	3	5	1	0
       67	2025-08-06 15:08:45	3	5	1	0
       55	2025-08-06 15:09:00	3	5	1	0
      105	2025-08-06 15:09:08	3	5	1	0
       41	2025-08-06 15:09:15	3	5	1	0
       87	2025-08-06 15:09:24	3	5	1	0
       68	2025-08-06 15:10:43	3	5	1	0
      104	2025-08-06 15:14:11	3	5	1	0
      104	2025-08-06 15:15:49	3	5	1	0
      131	2025-08-06 15:15:57	3	5	1	0
       86	2025-08-06 15:17:17	3	5	1	0
       73	2025-08-06 15:17:27	3	5	1	0
       77	2025-08-06 15:17:32	3	5	1	0
      179	2025-08-06 15:26:38	3	5	4	0
       16	2025-08-06 15:28:06	3	5	4	0
       91	2025-08-06 15:28:47	3	5	1	0
       78	2025-08-06 15:28:51	3	5	1	0
        8	2025-08-06 15:32:58	3	5	1	0
       60	2025-08-06 15:34:41	3	5	4	0
       83	2025-08-06 15:58:15	3	5	1	0
       80	2025-08-06 16:04:54	3	5	1	0
       67	2025-08-06 16:05:07	3	5	1	0
       81	2025-08-06 16:05:12	3	5	1	0
      104	2025-08-06 16:15:39	3	5	1	0
      131	2025-08-06 16:15:46	3	5	1	0
       77	2025-08-06 16:18:23	3	5	1	0
       83	2025-08-06 16:21:52	3	5	1	0
      110	2025-08-06 16:28:17	3	5	3	0
        2	2025-08-06 16:29:57	3	5	1	0
        2	2025-08-06 16:30:01	3	5	1	0
       91	2025-08-06 16:30:05	3	5	1	0
       78	2025-08-06 16:30:10	3	5	1	0
       14	2025-08-06 16:50:48	3	5	4	0
       83	2025-08-06 16:54:37	3	5	1	0
      178	2025-08-06 17:11:19	3	5	4	0
       14	2025-08-06 17:16:37	3	5	4	0
       86	2025-08-06 18:29:40	3	5	1	0
       81	2025-08-06 18:29:58	3	5	1	0
       77	2025-08-06 18:30:14	3	5	1	0
       80	2025-08-06 18:30:53	3	5	1	0
       67	2025-08-06 18:30:58	3	5	1	0
       87	2025-08-06 18:31:06	3	5	1	0
       91	2025-08-06 18:31:49	3	5	1	0
       78	2025-08-06 18:31:53	3	5	1	0
      105	2025-08-06 18:32:32	3	5	1	0
       55	2025-08-06 18:32:42	3	5	1	0
       61	2025-08-06 18:32:59	3	1	1	0
      131	2025-08-06 18:33:09	3	1	1	0
      104	2025-08-06 18:33:58	3	1	1	0
       73	2025-08-06 18:35:08	3	1	1	0
       68	2025-08-06 18:37:12	3	1	1	0
       41	2025-08-06 18:43:02	3	1	1	0
      179	2025-08-06 18:43:53	3	1	4	0
        2	2025-08-06 18:49:28	3	1	1	0
       83	2025-08-06 19:03:15	3	1	1	0
       75	2025-08-06 19:03:19	3	1	1	0
        8	2025-08-06 19:05:53	3	1	1	0
       14	2025-08-07 07:08:56	3	1	4	0
       87	2025-08-07 07:46:15	3	1	1	0
       15	2025-08-07 07:49:15	3	1	4	0
       14	2025-08-07 08:05:10	3	1	4	0
       41	2025-08-07 08:05:26	3	1	1	0
       81	2025-08-07 08:06:22	3	1	1	0
       55	2025-08-07 08:14:27	3	1	1	0
       55	2025-08-07 08:14:33	3	1	1	0
      105	2025-08-07 08:14:55	3	0	1	0
      105	2025-08-07 08:15:08	3	0	1	0
       55	2025-08-07 08:15:18	3	0	1	0
       61	2025-08-07 08:19:17	3	0	1	0
       84	2025-08-07 08:21:18	3	0	1	0
       86	2025-08-07 08:21:34	3	0	1	0
       77	2025-08-07 08:23:25	3	0	1	0
       90	2025-08-07 08:23:34	3	0	1	0
      131	2025-08-07 08:23:59	3	0	1	0
       91	2025-08-07 08:24:10	3	0	1	0
       73	2025-08-07 08:26:23	3	0	1	0
       67	2025-08-07 08:27:42	3	0	1	0
       16	2025-08-07 08:29:54	3	0	4	0
       80	2025-08-07 08:31:34	3	0	1	0
       68	2025-08-07 08:39:26	3	0	1	0
       14	2025-08-07 08:41:06	3	0	4	0
       75	2025-08-07 08:48:04	3	0	1	0
       14	2025-08-07 08:52:19	3	0	4	0
        8	2025-08-07 08:55:12	3	0	1	0
       78	2025-08-07 09:01:43	3	0	1	0
       90	2025-08-07 09:08:44	3	0	1	0
       83	2025-08-07 09:11:57	3	0	1	0
       83	2025-08-07 09:23:07	3	0	1	0
      168	2025-08-07 09:32:17	3	0	4	0
      178	2025-08-07 09:42:57	3	0	4	0
      179	2025-08-07 10:02:36	3	0	4	0
       90	2025-08-07 10:05:50	3	0	1	0
       22	2025-08-07 10:10:48	3	0	1	0
      110	2025-08-07 10:12:37	3	0	3	0
       83	2025-08-07 10:24:35	3	0	1	0
      110	2025-08-07 10:31:04	3	0	3	0
        2	2025-08-07 10:36:21	3	0	1	0
       90	2025-08-07 10:42:28	3	0	1	0
      178	2025-08-07 10:48:49	3	0	4	0
       16	2025-08-07 10:54:56	3	0	4	0
       86	2025-08-07 11:12:47	3	0	1	0
       77	2025-08-07 11:14:02	3	0	1	0
       14	2025-08-07 11:15:23	3	0	4	0
       90	2025-08-07 11:17:04	3	0	1	0
       90	2025-08-07 11:27:26	3	0	1	0
       77	2025-08-07 11:28:58	3	0	1	0
       73	2025-08-07 11:29:06	3	0	1	0
      179	2025-08-07 11:29:28	3	0	4	0
       86	2025-08-07 11:30:08	3	0	1	0
       75	2025-08-07 11:30:42	3	0	1	0
        9	2025-08-07 11:38:43	3	0	1	0
       80	2025-08-07 11:40:15	3	0	1	0
       81	2025-08-07 11:40:29	3	0	1	0
       67	2025-08-07 11:40:41	3	0	1	0
      168	2025-08-07 11:41:42	3	0	4	0
      168	2025-08-07 11:41:45	3	0	4	0
       91	2025-08-07 11:44:15	3	0	1	0
       41	2025-08-07 11:44:42	3	0	1	0
       73	2025-08-07 11:48:01	3	0	1	0
      131	2025-08-07 11:55:20	3	0	1	0
       80	2025-08-07 11:58:40	3	0	1	0
       81	2025-08-07 11:58:49	3	0	1	0
       67	2025-08-07 11:58:54	3	0	1	0
       91	2025-08-07 11:59:47	3	0	1	0
       41	2025-08-07 12:04:46	3	0	1	0
        9	2025-08-07 12:05:49	3	0	1	0
      110	2025-08-07 12:21:00	3	0	3	0
       14	2025-08-07 12:33:15	3	0	4	0
       67	2025-08-07 12:51:59	3	0	1	0
       60	2025-08-07 13:07:03	3	0	4	0
       80	2025-08-07 13:35:09	3	0	1	0
       61	2025-08-07 13:45:25	3	5	1	0
       90	2025-08-07 14:08:40	3	5	1	0
       87	2025-08-07 14:15:59	3	5	1	0
      105	2025-08-07 14:16:04	3	5	1	0
       55	2025-08-07 14:16:33	3	5	1	0
       41	2025-08-07 14:16:39	3	5	1	0
       73	2025-08-07 14:20:06	3	5	1	0
       86	2025-08-07 14:22:38	3	5	1	0
       61	2025-08-07 14:39:27	3	4	1	0
      178	2025-08-07 14:46:20	3	4	4	0
        2	2025-08-07 14:51:10	3	4	1	0
        2	2025-08-07 14:51:13	3	4	1	0
       83	2025-08-07 14:55:01	3	4	1	0
       80	2025-08-07 15:06:35	3	4	1	0
       81	2025-08-07 15:06:47	3	4	1	0
       67	2025-08-07 15:06:53	3	4	1	0
       86	2025-08-07 15:18:30	3	4	1	0
      115	2025-08-07 15:19:42	3	4	1	0
       55	2025-08-07 15:21:10	3	4	1	0
       41	2025-08-07 15:21:17	3	4	1	0
      105	2025-08-07 15:21:34	3	4	1	0
       87	2025-08-07 15:21:39	3	4	1	0
       73	2025-08-07 15:21:59	3	4	1	0
      179	2025-08-07 15:23:18	3	4	4	0
      179	2025-08-07 15:23:21	3	4	4	0
       68	2025-08-07 15:24:00	3	4	1	0
       77	2025-08-07 15:24:35	3	4	1	0
       68	2025-08-07 15:31:08	3	4	1	0
      179	2025-08-07 15:32:10	3	4	4	0
       84	2025-08-07 15:32:50	3	4	1	0
       91	2025-08-07 15:33:39	3	4	1	0
       78	2025-08-07 15:33:43	3	4	1	0
       20	2025-08-07 15:34:16	3	4	1	0
       84	2025-08-07 15:50:39	3	4	1	0
       84	2025-08-07 15:56:00	3	4	1	0
       60	2025-08-07 16:11:25	3	4	4	0
       80	2025-08-07 16:15:27	3	4	1	0
       67	2025-08-07 16:15:33	3	4	1	0
       81	2025-08-07 16:15:40	3	4	1	0
      179	2025-08-07 16:22:02	3	4	4	0
      179	2025-08-07 16:22:05	3	4	4	0
       84	2025-08-07 16:22:45	3	4	1	0
      131	2025-08-07 16:23:52	3	4	1	0
       91	2025-08-07 16:25:39	3	4	1	0
       78	2025-08-07 16:25:46	3	4	1	0
       75	2025-08-07 16:32:14	3	4	1	0
       83	2025-08-07 16:32:19	3	4	1	0
       77	2025-08-07 16:32:23	3	4	1	0
       68	2025-08-07 16:45:40	3	4	1	0
       84	2025-08-07 16:54:34	3	4	1	0
       84	2025-08-07 16:57:57	3	4	1	0
       84	2025-08-07 17:05:23	3	4	1	0
       84	2025-08-07 17:10:59	3	4	1	0
       86	2025-08-07 18:30:34	3	4	1	0
       91	2025-08-07 18:30:49	3	4	1	0
       78	2025-08-07 18:30:54	3	4	1	0
       80	2025-08-07 18:31:37	3	4	1	0
       73	2025-08-07 18:31:45	3	4	1	0
       81	2025-08-07 18:31:55	3	4	1	0
       67	2025-08-07 18:32:01	3	4	1	0
       77	2025-08-07 18:32:06	3	4	1	0
      131	2025-08-07 18:32:20	3	4	1	0
       87	2025-08-07 18:32:24	3	4	1	0
      105	2025-08-07 18:33:13	3	1	1	0
       55	2025-08-07 18:33:21	3	1	1	0
       61	2025-08-07 18:37:25	3	1	1	0
       41	2025-08-07 18:37:43	3	1	1	0
       68	2025-08-07 18:38:01	3	1	1	0
        2	2025-08-07 18:58:34	3	1	1	0
       83	2025-08-07 19:00:50	3	1	1	0
       75	2025-08-07 19:00:56	3	1	1	0
        8	2025-08-07 19:05:21	3	1	1	0
       87	2025-08-08 07:42:05	3	0	1	0
       15	2025-08-08 07:59:30	3	0	4	0
       73	2025-08-08 08:03:41	3	0	1	0
       41	2025-08-08 08:13:11	3	0	1	0
       61	2025-08-08 08:14:31	3	0	1	0
       90	2025-08-08 08:14:44	3	0	1	0
       80	2025-08-08 08:18:45	3	0	1	0
       68	2025-08-08 08:22:24	3	0	1	0
       84	2025-08-08 08:23:03	3	0	1	0
       67	2025-08-08 08:23:15	3	0	1	0
       78	2025-08-08 08:23:23	3	0	1	0
       77	2025-08-08 08:23:44	3	0	1	0
       91	2025-08-08 08:25:30	3	0	1	0
       55	2025-08-08 08:27:16	3	0	1	0
      105	2025-08-08 08:27:22	3	0	1	0
       55	2025-08-08 08:27:27	3	0	1	0
      105	2025-08-08 08:27:33	3	0	1	0
       86	2025-08-08 08:28:57	3	0	1	0
       90	2025-08-08 08:32:39	3	0	1	0
       75	2025-08-08 08:37:12	3	0	1	0
       87	2025-08-08 08:44:21	3	0	1	0
       60	2025-08-08 08:46:09	3	0	4	0
       20	2025-08-08 08:46:32	3	0	1	0
       90	2025-08-08 08:51:59	3	0	1	0
        8	2025-08-08 08:53:26	3	0	1	0
      131	2025-08-08 08:53:55	3	0	1	0
       83	2025-08-08 08:56:31	3	0	1	0
      110	2025-08-08 08:57:48	3	0	3	0
       84	2025-08-08 09:00:30	3	0	1	0
       83	2025-08-08 09:04:33	3	0	1	0
       60	2025-08-08 09:10:09	3	0	4	0
       90	2025-08-08 09:11:33	3	0	1	0
      168	2025-08-08 09:25:09	3	0	4	0
       20	2025-08-08 09:46:01	3	0	1	0
       20	2025-08-08 09:46:06	3	0	1	0
       90	2025-08-08 10:04:56	3	0	1	0
        2	2025-08-08 10:14:37	3	0	1	0
      115	2025-08-08 10:30:59	3	0	1	0
       90	2025-08-08 10:56:00	3	0	1	0
       86	2025-08-08 11:12:27	3	0	1	0
       73	2025-08-08 11:13:32	3	0	1	0
       77	2025-08-08 11:17:35	3	0	1	0
       86	2025-08-08 11:27:43	3	0	1	0
      105	2025-08-08 11:28:20	3	0	1	0
       77	2025-08-08 11:30:46	3	0	1	0
       91	2025-08-08 11:31:09	3	0	1	0
       73	2025-08-08 11:33:14	3	0	1	0
       41	2025-08-08 11:34:05	3	0	1	0
      105	2025-08-08 11:41:26	3	0	1	0
       83	2025-08-08 11:44:56	3	0	1	0
       80	2025-08-08 11:46:05	3	0	1	0
       67	2025-08-08 11:46:16	3	0	1	0
       91	2025-08-08 11:47:47	3	0	1	0
       41	2025-08-08 11:50:52	3	0	1	0
      168	2025-08-08 11:51:23	3	0	4	0
       15	2025-08-08 11:55:05	3	0	4	0
       90	2025-08-08 11:56:53	3	0	1	0
       60	2025-08-08 12:03:23	3	0	4	0
       80	2025-08-08 12:04:13	3	0	1	0
       67	2025-08-08 12:04:19	3	0	1	0
       90	2025-08-08 12:05:44	3	0	1	0
       84	2025-08-08 12:15:08	3	0	1	0
       84	2025-08-08 12:18:00	3	0	1	0
       83	2025-08-08 12:38:35	3	0	1	0
       20	2025-08-08 12:53:45	3	0	1	0
      115	2025-08-08 13:00:50	3	0	1	0
       16	2025-08-08 13:44:46	3	0	4	0
       83	2025-08-08 13:47:28	3	0	1	0
       14	2025-08-08 13:59:11	3	0	4	0
       84	2025-08-08 14:18:42	3	0	1	0
       86	2025-08-08 15:29:29	3	0	1	0
       73	2025-08-08 15:29:56	3	0	1	0
       80	2025-08-08 15:30:00	3	0	1	0
       67	2025-08-08 15:30:04	3	0	1	0
       91	2025-08-08 15:30:08	3	0	1	0
       77	2025-08-08 15:30:56	3	0	1	0
      105	2025-08-08 15:31:53	3	1	1	0
       55	2025-08-08 15:32:02	3	1	1	0
       41	2025-08-08 15:32:54	3	1	1	0
      131	2025-08-08 15:33:00	3	1	1	0
       87	2025-08-08 15:33:05	3	1	1	0
       68	2025-08-08 15:34:14	3	1	1	0
       61	2025-08-08 15:51:02	3	5	1	0
       61	2025-08-08 15:53:37	3	4	1	0
       83	2025-08-08 15:59:07	3	4	1	0
       75	2025-08-08 15:59:21	3	4	1	0
        2	2025-08-08 16:01:06	3	4	1	0
       61	2025-08-08 16:15:13	3	1	1	0
       78	2025-08-08 16:35:58	3	1	1	0
        8	2025-08-08 16:45:10	3	1	1	0
        3	2025-08-08 21:30:57	3	1	4	0
       87	2025-08-11 07:43:28	3	0	1	0
       41	2025-08-11 08:00:27	3	0	1	0
       87	2025-08-11 08:07:04	3	0	1	0
       20	2025-08-11 08:07:43	3	0	1	0
      131	2025-08-11 08:11:30	3	0	1	0
       60	2025-08-11 08:15:14	3	0	4	0
       61	2025-08-11 08:15:40	3	0	1	0
       90	2025-08-11 08:18:10	3	0	1	0
       78	2025-08-11 08:18:16	3	0	1	0
       80	2025-08-11 08:20:24	3	0	1	0
       68	2025-08-11 08:20:47	3	0	1	0
       81	2025-08-11 08:21:55	3	0	1	0
       77	2025-08-11 08:22:42	3	0	1	0
       73	2025-08-11 08:23:44	3	0	1	0
       86	2025-08-11 08:26:21	3	0	1	0
       91	2025-08-11 08:27:32	3	0	1	0
       55	2025-08-11 08:29:41	3	0	1	0
       55	2025-08-11 08:29:46	3	0	1	0
       84	2025-08-11 08:34:19	3	0	1	0
       17	2025-08-11 08:39:44	3	0	4	0
       90	2025-08-11 08:43:17	3	0	1	0
       75	2025-08-11 08:47:02	3	0	1	0
        8	2025-08-11 08:47:11	3	0	1	0
       75	2025-08-11 08:52:42	3	0	1	0
       20	2025-08-11 08:56:44	3	0	1	0
       90	2025-08-11 08:58:36	3	0	1	0
      178	2025-08-11 09:08:39	3	0	4	0
      110	2025-08-11 09:09:22	3	0	3	0
       90	2025-08-11 09:14:34	3	0	1	0
       14	2025-08-11 09:23:27	3	0	4	0
       90	2025-08-11 09:24:36	3	0	1	0
       22	2025-08-11 09:29:58	3	0	1	0
       83	2025-08-11 09:30:51	3	0	1	0
       90	2025-08-11 09:32:19	3	0	1	0
       19	2025-08-11 10:06:01	3	0	1	0
      111	2025-08-11 10:09:57	3	0	1	0
       83	2025-08-11 10:16:37	3	0	1	0
       14	2025-08-11 10:21:19	3	0	4	0
        2	2025-08-11 10:29:50	3	0	1	0
       90	2025-08-11 10:45:01	3	0	1	0
       84	2025-08-11 10:53:25	3	0	1	0
       20	2025-08-11 10:54:26	3	0	1	0
       86	2025-08-11 11:14:20	3	0	1	0
       77	2025-08-11 11:14:58	3	0	1	0
       55	2025-08-11 11:17:30	3	0	1	0
       14	2025-08-11 11:19:15	3	0	4	0
       87	2025-08-11 11:23:59	3	0	1	0
       41	2025-08-11 11:24:19	3	0	1	0
       77	2025-08-11 11:29:12	3	0	1	0
       86	2025-08-11 11:30:08	3	0	1	0
       91	2025-08-11 11:39:28	3	0	1	0
       14	2025-08-11 11:40:17	3	0	4	0
      115	2025-08-11 11:41:07	3	0	1	0
       75	2025-08-11 11:41:31	3	0	1	0
       80	2025-08-11 11:45:57	3	0	1	0
       81	2025-08-11 11:46:05	3	0	1	0
      131	2025-08-11 11:47:08	3	0	1	0
       55	2025-08-11 11:47:14	3	0	1	0
       87	2025-08-11 11:47:28	3	0	1	0
       41	2025-08-11 11:48:10	3	0	1	0
       91	2025-08-11 11:54:31	3	0	1	0
       80	2025-08-11 12:02:33	3	0	1	0
       81	2025-08-11 12:02:42	3	0	1	0
        3	2025-08-11 12:08:37	3	0	4	0
       16	2025-08-11 12:16:03	3	0	4	0
        8	2025-08-11 12:25:57	3	0	1	0
       61	2025-08-11 13:02:53	3	5	1	0
        8	2025-08-11 13:36:43	3	5	1	0
       87	2025-08-11 13:39:32	3	5	1	0
        2	2025-08-11 13:40:04	3	5	1	0
        2	2025-08-11 13:40:08	3	5	1	0
       80	2025-08-11 13:44:21	3	5	1	0
       61	2025-08-11 13:54:00	3	4	1	0
       90	2025-08-11 13:59:12	3	4	1	0
       55	2025-08-11 14:12:16	3	4	1	0
       84	2025-08-11 14:13:36	3	4	1	0
       41	2025-08-11 14:13:45	3	4	1	0
       87	2025-08-11 14:13:49	3	4	1	0
       73	2025-08-11 14:16:21	3	4	1	0
       86	2025-08-11 14:19:17	3	4	1	0
       83	2025-08-11 14:45:42	3	4	1	0
        8	2025-08-11 14:46:29	3	4	1	0
       80	2025-08-11 15:06:22	3	4	1	0
       81	2025-08-11 15:06:29	3	4	1	0
       73	2025-08-11 15:17:08	3	4	1	0
       77	2025-08-11 15:17:32	3	4	1	0
       41	2025-08-11 15:18:10	3	4	1	0
       55	2025-08-11 15:18:22	3	4	1	0
       87	2025-08-11 15:18:29	3	4	1	0
       86	2025-08-11 15:19:58	3	4	1	0
      131	2025-08-11 15:23:40	3	4	1	0
        3	2025-08-11 15:25:47	3	4	4	0
       16	2025-08-11 15:29:48	3	4	4	0
       16	2025-08-11 15:29:51	3	4	4	0
       91	2025-08-11 15:30:40	3	4	1	0
       78	2025-08-11 15:30:45	3	4	1	0
       68	2025-08-11 15:35:20	3	4	1	0
       20	2025-08-11 15:42:03	3	4	1	0
       60	2025-08-11 15:43:54	3	4	4	0
      173	2025-08-11 16:02:40	3	4	4	0
      173	2025-08-11 16:02:43	3	4	4	0
       80	2025-08-11 16:08:01	3	4	1	0
       81	2025-08-11 16:08:07	3	4	1	0
      110	2025-08-11 16:09:06	3	4	3	0
       68	2025-08-11 16:13:29	3	4	1	0
        2	2025-08-11 16:14:39	3	4	1	0
       77	2025-08-11 16:17:51	3	4	1	0
      131	2025-08-11 16:23:29	3	4	1	0
        8	2025-08-11 16:25:45	3	4	1	0
       91	2025-08-11 16:32:31	3	4	1	0
       78	2025-08-11 16:32:36	3	4	1	0
       14	2025-08-11 16:36:46	3	4	4	0
       83	2025-08-11 16:47:34	3	4	1	0
       68	2025-08-11 17:02:04	3	4	4	0
       20	2025-08-11 17:37:49	3	4	1	0
       20	2025-08-11 17:41:20	3	4	1	0
       20	2025-08-11 17:47:35	3	4	1	0
       60	2025-08-11 17:55:10	3	4	4	0
       81	2025-08-11 18:20:00	3	4	1	0
       80	2025-08-11 18:20:29	3	4	1	0
       68	2025-08-11 18:28:03	3	4	1	0
       86	2025-08-11 18:29:38	3	4	1	0
       55	2025-08-11 18:29:45	3	4	1	0
       55	2025-08-11 18:29:48	3	4	1	0
       87	2025-08-11 18:29:55	3	4	1	0
       61	2025-08-11 18:30:35	3	1	1	0
       91	2025-08-11 18:30:54	3	1	1	0
       78	2025-08-11 18:30:58	3	1	1	0
       73	2025-08-11 18:31:21	3	1	1	0
       60	2025-08-11 18:35:05	3	1	4	0
       77	2025-08-11 18:44:57	3	1	1	0
      131	2025-08-11 18:48:24	3	1	1	0
       41	2025-08-11 18:48:29	3	1	1	0
       83	2025-08-11 18:59:10	3	1	1	0
       75	2025-08-11 18:59:24	3	1	1	0
        8	2025-08-11 19:01:03	3	1	1	0
        2	2025-08-11 19:02:02	3	1	1	0
        2	2025-08-11 19:02:07	3	1	1	0
       87	2025-08-12 07:43:52	3	1	1	0
       25	2025-08-12 07:47:12	3	1	1	0
       14	2025-08-12 07:58:49	3	1	4	0
       73	2025-08-12 08:04:53	3	1	1	0
       15	2025-08-12 08:06:41	3	1	4	0
      131	2025-08-12 08:12:24	3	1	1	0
       41	2025-08-12 08:14:34	3	1	1	0
       61	2025-08-12 08:16:20	3	0	1	0
       84	2025-08-12 08:16:40	3	0	1	0
       55	2025-08-12 08:20:53	3	0	1	0
       55	2025-08-12 08:20:59	3	0	1	0
       90	2025-08-12 08:21:10	3	0	1	0
       67	2025-08-12 08:23:54	3	0	1	0
       91	2025-08-12 08:24:03	3	0	1	0
       78	2025-08-12 08:24:07	3	0	1	0
       77	2025-08-12 08:25:21	3	0	1	0
       80	2025-08-12 08:27:26	3	0	1	0
       86	2025-08-12 08:27:54	3	0	1	0
       14	2025-08-12 08:28:18	3	0	4	0
       60	2025-08-12 08:30:12	3	0	4	0
       81	2025-08-12 08:31:25	3	0	1	0
      178	2025-08-12 08:36:38	3	0	4	0
       14	2025-08-12 08:38:29	3	0	4	0
       68	2025-08-12 08:39:58	3	0	1	0
       75	2025-08-12 08:40:09	3	0	1	0
       90	2025-08-12 08:43:49	3	0	1	0
       16	2025-08-12 08:55:13	3	0	4	0
        8	2025-08-12 08:58:05	3	0	1	0
       20	2025-08-12 09:02:34	3	0	1	0
      110	2025-08-12 09:07:23	3	0	3	0
       83	2025-08-12 09:09:20	3	0	1	0
      168	2025-08-12 09:10:37	3	0	4	0
       22	2025-08-12 09:26:17	3	0	1	0
       14	2025-08-12 09:27:33	3	0	4	0
      168	2025-08-12 09:57:16	3	0	4	0
       19	2025-08-12 10:06:10	3	0	1	0
       15	2025-08-12 10:07:45	3	0	4	0
       60	2025-08-12 10:16:41	3	0	4	0
       14	2025-08-12 10:33:28	3	0	4	0
        2	2025-08-12 10:40:56	3	0	1	0
       80	2025-08-12 11:10:28	3	0	1	0
       81	2025-08-12 11:10:46	3	0	1	0
       67	2025-08-12 11:10:52	3	0	1	0
       86	2025-08-12 11:17:46	3	0	1	0
       77	2025-08-12 11:19:37	3	0	1	0
       20	2025-08-12 11:22:59	3	0	1	0
       80	2025-08-12 11:25:26	3	0	1	0
       81	2025-08-12 11:25:37	3	0	1	0
       81	2025-08-12 11:25:40	3	0	1	0
       78	2025-08-12 11:31:38	3	0	1	0
       91	2025-08-12 11:31:42	3	0	1	0
       86	2025-08-12 11:34:30	3	0	1	0
       77	2025-08-12 11:36:48	3	0	1	0
       60	2025-08-12 11:37:28	3	0	4	0
       14	2025-08-12 11:41:04	3	0	4	0
       90	2025-08-12 11:42:49	3	0	1	0
       91	2025-08-12 11:48:08	3	0	1	0
       78	2025-08-12 11:48:14	3	0	1	0
       14	2025-08-12 12:02:48	3	0	4	0
      168	2025-08-12 12:07:41	3	0	4	0
      131	2025-08-12 12:09:40	3	0	1	0
       83	2025-08-12 12:14:08	3	0	1	0
       87	2025-08-12 12:15:52	3	0	1	0
       14	2025-08-12 12:29:23	3	0	4	0
       67	2025-08-12 12:34:12	3	0	1	0
       61	2025-08-12 13:22:17	3	5	1	0
        3	2025-08-12 13:25:03	3	5	4	0
        9	2025-08-12 13:25:09	3	5	1	0
        8	2025-08-12 13:33:15	3	5	1	0
        8	2025-08-12 13:34:26	3	5	1	0
       80	2025-08-12 13:46:01	3	5	1	0
       90	2025-08-12 14:04:13	3	5	1	0
       73	2025-08-12 14:09:10	3	5	1	0
        3	2025-08-12 14:15:24	3	5	4	0
       87	2025-08-12 14:18:04	3	5	1	0
       41	2025-08-12 14:18:12	3	5	1	0
       55	2025-08-12 14:18:20	3	5	1	0
       61	2025-08-12 14:21:08	3	4	1	0
       86	2025-08-12 14:23:10	3	4	1	0
       73	2025-08-12 15:10:08	3	4	1	0
       80	2025-08-12 15:10:35	3	4	1	0
       81	2025-08-12 15:10:40	3	4	1	0
       67	2025-08-12 15:10:46	3	4	1	0
       87	2025-08-12 15:16:20	3	4	1	0
       41	2025-08-12 15:16:30	3	4	1	0
       55	2025-08-12 15:16:40	3	4	1	0
       77	2025-08-12 15:19:39	3	4	1	0
       86	2025-08-12 15:21:51	3	4	1	0
      131	2025-08-12 15:30:41	3	4	1	0
       25	2025-08-12 15:30:46	3	4	1	0
       91	2025-08-12 15:32:16	3	4	1	0
       78	2025-08-12 15:32:20	3	4	1	0
      178	2025-08-12 15:47:45	3	4	4	0
        8	2025-08-12 15:55:06	3	4	1	0
       60	2025-08-12 16:01:56	3	4	4	0
      110	2025-08-12 16:04:28	3	4	3	0
       20	2025-08-12 16:11:27	3	4	1	0
       80	2025-08-12 16:12:12	3	4	1	0
       67	2025-08-12 16:12:23	3	4	1	0
       81	2025-08-12 16:12:27	3	4	1	0
       68	2025-08-12 16:12:56	3	4	1	0
       77	2025-08-12 16:14:33	3	4	1	0
       14	2025-08-12 16:21:44	3	4	4	0
      131	2025-08-12 16:26:38	3	4	1	0
       91	2025-08-12 16:32:18	3	4	1	0
       78	2025-08-12 16:32:23	3	4	1	0
       83	2025-08-12 16:42:08	3	4	1	0
       14	2025-08-12 16:46:43	3	4	4	0
        9	2025-08-12 16:56:34	3	4	1	0
       14	2025-08-12 17:08:16	3	4	4	0
       83	2025-08-12 17:32:40	3	4	1	0
       20	2025-08-12 17:41:51	3	4	1	0
        3	2025-08-12 17:54:29	3	4	4	0
        8	2025-08-12 17:55:36	3	4	1	0
       86	2025-08-12 18:30:15	3	4	1	0
       81	2025-08-12 18:31:17	3	4	1	0
       91	2025-08-12 18:31:41	3	4	1	0
       78	2025-08-12 18:31:50	3	4	1	0
       77	2025-08-12 18:32:04	3	4	1	0
       73	2025-08-12 18:32:10	3	4	1	0
       14	2025-08-12 18:32:49	3	4	4	0
       55	2025-08-12 18:33:44	3	4	1	0
       14	2025-08-12 18:33:57	3	4	1	0
       41	2025-08-12 18:34:11	3	4	1	0
       87	2025-08-12 18:34:18	3	4	1	0
      131	2025-08-12 18:35:50	3	4	1	0
       25	2025-08-12 18:35:54	3	4	1	0
       80	2025-08-12 18:44:32	3	4	1	0
       67	2025-08-12 18:44:38	3	4	1	0
       68	2025-08-12 18:45:59	3	4	1	0
       61	2025-08-12 18:48:24	3	1	1	0
       83	2025-08-12 19:03:46	3	1	1	0
       75	2025-08-12 19:03:51	3	1	1	0
        2	2025-08-12 19:05:53	3	1	1	0
        8	2025-08-12 19:11:21	3	1	1	0
       14	2025-08-13 07:12:38	3	1	4	0
       25	2025-08-13 07:46:10	3	1	1	0
       87	2025-08-13 07:50:42	3	1	1	0
       41	2025-08-13 08:04:29	3	1	1	0
       15	2025-08-13 08:08:37	3	1	4	0
       55	2025-08-13 08:12:11	3	1	1	0
       55	2025-08-13 08:12:22	3	1	1	0
       61	2025-08-13 08:18:17	3	0	1	0
      131	2025-08-13 08:21:31	3	0	1	0
       84	2025-08-13 08:21:52	3	0	1	0
       77	2025-08-13 08:23:56	3	0	1	0
       73	2025-08-13 08:24:02	3	0	1	0
       67	2025-08-13 08:24:50	3	0	1	0
       91	2025-08-13 08:24:55	3	0	1	0
       80	2025-08-13 08:25:51	3	0	1	0
       81	2025-08-13 08:27:20	3	0	1	0
       78	2025-08-13 08:27:57	3	0	1	0
       86	2025-08-13 08:28:09	3	0	1	0
       84	2025-08-13 08:29:24	3	0	1	0
       22	2025-08-13 08:34:39	3	0	1	0
       68	2025-08-13 08:35:53	3	0	1	0
       75	2025-08-13 08:49:04	3	0	1	0
       15	2025-08-13 08:50:01	3	0	4	0
       14	2025-08-13 08:53:54	3	0	4	0
       20	2025-08-13 08:59:30	3	0	1	0
       60	2025-08-13 09:02:27	3	0	4	0
       83	2025-08-13 09:05:57	3	0	1	0
       68	2025-08-13 09:19:00	3	0	4	0
       14	2025-08-13 09:22:16	3	0	4	0
      110	2025-08-13 09:27:45	3	0	3	0
       83	2025-08-13 09:50:27	3	0	1	0
        8	2025-08-13 09:50:49	3	0	1	0
      178	2025-08-13 09:56:56	3	0	4	0
       14	2025-08-13 10:00:30	3	0	4	0
       19	2025-08-13 10:03:51	3	0	1	0
       84	2025-08-13 10:10:55	3	0	1	0
       83	2025-08-13 10:21:27	3	0	1	0
       20	2025-08-13 10:31:15	3	0	1	0
        3	2025-08-13 10:36:25	3	0	4	0
        2	2025-08-13 10:50:04	3	0	1	0
        2	2025-08-13 10:50:08	3	0	1	0
       80	2025-08-13 11:20:32	3	0	1	0
       81	2025-08-13 11:20:37	3	0	1	0
       67	2025-08-13 11:20:47	3	0	1	0
       86	2025-08-13 11:22:20	3	0	1	0
       77	2025-08-13 11:24:33	3	0	1	0
       15	2025-08-13 11:28:53	3	0	4	0
       14	2025-08-13 11:29:44	3	0	4	0
       80	2025-08-13 11:36:36	3	0	1	0
       81	2025-08-13 11:36:46	3	0	1	0
       67	2025-08-13 11:36:54	3	0	1	0
       86	2025-08-13 11:38:13	3	0	1	0
      131	2025-08-13 11:39:38	3	0	1	0
       77	2025-08-13 11:39:46	3	0	1	0
       83	2025-08-13 11:40:04	3	0	1	0
       91	2025-08-13 11:43:36	3	0	1	0
       78	2025-08-13 11:43:40	3	0	1	0
       55	2025-08-13 11:49:38	3	0	1	0
       87	2025-08-13 11:58:26	3	0	1	0
       91	2025-08-13 11:59:17	3	0	1	0
       78	2025-08-13 11:59:23	3	0	1	0
       60	2025-08-13 12:08:23	3	0	1	0
       90	2025-08-13 12:09:07	3	0	1	0
        2	2025-08-13 12:41:22	3	0	1	0
       15	2025-08-13 12:44:15	3	0	4	0
       20	2025-08-13 12:50:51	3	0	1	0
       60	2025-08-13 13:27:24	3	0	4	0
       80	2025-08-13 13:41:11	3	0	1	0
        2	2025-08-13 13:44:06	3	0	1	0
       60	2025-08-13 13:58:32	3	0	4	0
       84	2025-08-13 14:05:53	3	0	1	0
       73	2025-08-13 14:10:21	3	0	1	0
       61	2025-08-13 14:19:36	3	4	1	0
       41	2025-08-13 14:23:41	3	4	1	0
       87	2025-08-13 14:23:59	3	4	1	0
       55	2025-08-13 14:24:10	3	4	1	0
       86	2025-08-13 14:27:04	3	4	1	0
        8	2025-08-13 14:46:08	3	4	1	0
       81	2025-08-13 15:11:55	3	4	1	0
       80	2025-08-13 15:12:04	3	4	1	0
       67	2025-08-13 15:12:12	3	4	1	0
       73	2025-08-13 15:13:26	3	4	1	0
       77	2025-08-13 15:18:34	3	4	1	0
       55	2025-08-13 15:19:52	3	4	1	0
       87	2025-08-13 15:19:59	3	4	1	0
       41	2025-08-13 15:20:04	3	4	1	0
       86	2025-08-13 15:20:21	3	4	1	0
      131	2025-08-13 15:29:51	3	4	1	0
       25	2025-08-13 15:29:57	3	4	1	0
       91	2025-08-13 15:37:05	3	4	1	0
       78	2025-08-13 15:37:13	3	4	1	0
        8	2025-08-13 15:44:46	3	4	1	0
       20	2025-08-13 15:57:30	3	4	1	0
        3	2025-08-13 16:01:33	3	4	4	0
       14	2025-08-13 16:11:30	3	4	4	0
       80	2025-08-13 16:16:13	3	4	1	0
       81	2025-08-13 16:16:23	3	4	1	0
       67	2025-08-13 16:16:39	3	4	1	0
       20	2025-08-13 16:17:41	3	4	1	0
      110	2025-08-13 16:18:36	3	4	3	0
       77	2025-08-13 16:19:46	3	4	1	0
        2	2025-08-13 16:26:49	3	4	1	0
        2	2025-08-13 16:26:52	3	4	1	0
       14	2025-08-13 16:27:21	3	4	4	0
       25	2025-08-13 16:27:41	3	4	1	0
      131	2025-08-13 16:27:47	3	4	1	0
       83	2025-08-13 16:29:02	3	4	1	0
       14	2025-08-13 16:32:12	3	4	4	0
       91	2025-08-13 16:32:38	3	4	1	0
       78	2025-08-13 16:32:44	3	4	1	0
       83	2025-08-13 16:33:34	3	4	1	0
      178	2025-08-13 16:45:54	3	4	4	0
       60	2025-08-13 16:47:33	3	4	4	0
       83	2025-08-13 16:56:11	3	4	1	0
       14	2025-08-13 17:00:13	3	4	4	0
       68	2025-08-13 17:10:25	3	4	1	0
        3	2025-08-13 17:12:53	3	4	4	0
       90	2025-08-13 18:07:34	3	4	1	0
       86	2025-08-13 18:30:35	3	4	1	0
       81	2025-08-13 18:31:42	3	4	1	0
       77	2025-08-13 18:32:00	3	4	1	0
       91	2025-08-13 18:32:03	3	4	1	0
       78	2025-08-13 18:32:25	3	1	1	0
       25	2025-08-13 18:32:45	3	1	1	0
       87	2025-08-13 18:32:50	3	1	1	0
       41	2025-08-13 18:32:55	3	1	1	0
      131	2025-08-13 18:33:10	3	1	1	0
       55	2025-08-13 18:33:15	3	1	1	0
       80	2025-08-13 18:35:38	3	1	1	0
       67	2025-08-13 18:35:42	3	1	1	0
       61	2025-08-13 18:38:30	3	1	1	0
       73	2025-08-13 18:38:49	3	1	1	0
       68	2025-08-13 18:42:28	3	1	1	0
        2	2025-08-13 19:05:05	3	1	1	0
        2	2025-08-13 19:05:09	3	1	1	0
       83	2025-08-13 19:05:37	3	1	1	0
       75	2025-08-13 19:05:45	3	1	1	0
        8	2025-08-13 19:05:55	3	1	1	0
       14	2025-08-14 07:17:06	3	1	4	0
      131	2025-08-14 07:56:36	3	1	1	0
       87	2025-08-14 07:57:26	3	0	1	0
       15	2025-08-14 07:59:00	3	0	4	0
       41	2025-08-14 08:03:23	3	0	1	0
      105	2025-08-14 08:06:19	3	0	1	0
      105	2025-08-14 08:06:23	3	0	1	0
       25	2025-08-14 08:12:45	3	0	1	0
       73	2025-08-14 08:16:50	3	0	1	0
       55	2025-08-14 08:18:15	3	0	1	0
       55	2025-08-14 08:18:21	3	0	1	0
       55	2025-08-14 08:18:26	3	0	1	0
       61	2025-08-14 08:21:21	3	0	1	0
       60	2025-08-14 08:22:03	3	0	4	0
       90	2025-08-14 08:22:45	3	0	1	0
       22	2025-08-14 08:23:00	3	0	1	0
       77	2025-08-14 08:23:08	3	0	1	0
       84	2025-08-14 08:24:22	3	0	1	0
       78	2025-08-14 08:24:45	3	0	1	0
       67	2025-08-14 08:25:03	3	0	1	0
       81	2025-08-14 08:25:38	3	0	1	0
       80	2025-08-14 08:26:49	3	0	1	0
       86	2025-08-14 08:27:41	3	0	1	0
       14	2025-08-14 08:29:27	3	0	4	0
       91	2025-08-14 08:35:37	3	0	1	0
       68	2025-08-14 08:41:23	3	0	1	0
       75	2025-08-14 08:44:15	3	0	1	0
       90	2025-08-14 08:56:41	3	0	1	0
        8	2025-08-14 08:56:49	3	0	1	0
       83	2025-08-14 09:01:51	3	0	1	0
       20	2025-08-14 09:05:13	3	0	1	0
       14	2025-08-14 09:08:09	3	0	4	0
      110	2025-08-14 09:11:03	3	0	3	0
      168	2025-08-14 09:13:09	3	0	4	0
       90	2025-08-14 09:45:08	3	0	1	0
      178	2025-08-14 09:48:53	3	0	4	0
       14	2025-08-14 09:55:41	3	0	1	0
       19	2025-08-14 09:57:20	3	0	1	0
       14	2025-08-14 09:58:30	3	0	1	0
       20	2025-08-14 10:00:32	3	0	1	0
       14	2025-08-14 10:09:54	3	0	4	0
       83	2025-08-14 10:11:18	3	0	1	0
      168	2025-08-14 10:28:17	3	0	4	0
       90	2025-08-14 10:50:46	3	0	1	0
       14	2025-08-14 10:57:09	3	0	4	0
       15	2025-08-14 11:01:13	3	0	4	0
       86	2025-08-14 11:14:59	3	0	1	0
       73	2025-08-14 11:19:30	3	0	1	0
       77	2025-08-14 11:20:37	3	0	1	0
        2	2025-08-14 11:21:48	3	0	1	0
        2	2025-08-14 11:21:52	3	0	1	0
       86	2025-08-14 11:30:22	3	0	1	0
       73	2025-08-14 11:32:04	3	0	1	0
       25	2025-08-14 11:34:44	3	0	1	0
       77	2025-08-14 11:34:54	3	0	1	0
       41	2025-08-14 11:37:33	3	0	1	0
       91	2025-08-14 11:39:44	3	0	1	0
       78	2025-08-14 11:39:48	3	0	1	0
       80	2025-08-14 11:42:12	3	0	1	0
       67	2025-08-14 11:42:21	3	0	1	0
       14	2025-08-14 11:46:32	3	0	1	0
       83	2025-08-14 11:49:44	3	0	1	0
       91	2025-08-14 11:54:33	3	0	1	0
       78	2025-08-14 11:54:53	3	0	1	0
       80	2025-08-14 11:57:46	3	0	1	0
       67	2025-08-14 11:57:59	3	0	1	0
       81	2025-08-14 11:58:04	3	0	1	0
       15	2025-08-14 12:44:17	3	0	4	0
       20	2025-08-14 12:45:04	3	0	1	0
       61	2025-08-14 12:48:37	3	5	1	0
       61	2025-08-14 12:48:49	3	4	1	0
       60	2025-08-14 12:53:47	3	4	4	0
       20	2025-08-14 12:56:00	3	4	1	0
        8	2025-08-14 13:08:04	3	4	1	0
       61	2025-08-14 13:13:50	3	5	1	0
       84	2025-08-14 13:14:28	3	5	1	0
       90	2025-08-14 13:20:19	3	5	1	0
       80	2025-08-14 13:35:11	3	5	1	0
        2	2025-08-14 13:39:30	3	5	1	0
       90	2025-08-14 13:59:45	3	5	1	0
       81	2025-08-14 14:06:34	3	5	1	0
       61	2025-08-14 14:12:10	3	4	1	0
       84	2025-08-14 14:15:56	3	4	1	0
      105	2025-08-14 14:16:48	3	4	1	0
       41	2025-08-14 14:16:55	3	4	1	0
       55	2025-08-14 14:17:04	3	4	1	0
       87	2025-08-14 14:17:09	3	4	1	0
       73	2025-08-14 14:20:50	3	4	1	0
       86	2025-08-14 14:23:06	3	4	1	0
       70	2025-08-14 14:30:58	3	4	1	0
       70	2025-08-14 14:32:29	3	0	1	0
       70	2025-08-14 14:35:56	3	0	4	0
        8	2025-08-14 14:49:35	3	4	1	0
       70	2025-08-14 14:56:32	3	4	1	0
      131	2025-08-14 14:58:20	3	4	1	0
       25	2025-08-14 14:58:26	3	4	1	0
       81	2025-08-14 15:07:27	3	4	1	0
       60	2025-08-14 15:07:54	3	4	4	0
       60	2025-08-14 15:08:01	3	4	4	0
       60	2025-08-14 15:08:09	3	4	4	0
       80	2025-08-14 15:10:50	3	4	1	0
       67	2025-08-14 15:10:57	3	4	1	0
       22	2025-08-14 15:18:14	3	4	1	0
       41	2025-08-14 15:20:25	3	4	1	0
       55	2025-08-14 15:20:33	3	4	1	0
      105	2025-08-14 15:20:38	3	4	1	0
       87	2025-08-14 15:20:42	3	4	1	0
       73	2025-08-14 15:20:49	3	4	1	0
       77	2025-08-14 15:21:32	3	4	1	0
       86	2025-08-14 15:21:41	3	4	1	0
       22	2025-08-14 15:27:10	3	4	1	0
       91	2025-08-14 15:32:31	3	4	1	0
       78	2025-08-14 15:32:35	3	4	1	0
       68	2025-08-14 15:49:07	3	4	1	0
       83	2025-08-14 15:55:55	3	4	1	0
       25	2025-08-14 15:58:53	3	4	1	0
      131	2025-08-14 15:58:59	3	4	1	0
        2	2025-08-14 15:59:36	3	4	1	0
        2	2025-08-14 15:59:39	3	4	1	0
       68	2025-08-14 16:04:58	3	4	1	0
       75	2025-08-14 16:10:56	3	4	1	0
       80	2025-08-14 16:12:11	3	4	1	0
       67	2025-08-14 16:12:16	3	4	1	0
       14	2025-08-14 16:14:13	3	4	1	0
      173	2025-08-14 16:16:06	3	4	4	0
       68	2025-08-14 16:18:29	3	4	1	0
       77	2025-08-14 16:22:59	3	4	1	0
       14	2025-08-14 16:24:53	3	4	4	0
       91	2025-08-14 16:31:28	3	4	1	0
       78	2025-08-14 16:31:31	3	4	1	0
       83	2025-08-14 16:35:42	3	4	1	0
      178	2025-08-14 16:44:26	3	4	4	0
       14	2025-08-14 16:46:33	3	4	4	0
       83	2025-08-14 16:56:15	3	4	1	0
       60	2025-08-14 17:05:52	3	4	1	0
       20	2025-08-14 17:07:01	3	4	1	0
       81	2025-08-14 18:29:46	3	4	1	0
       80	2025-08-14 18:30:05	3	4	1	0
       67	2025-08-14 18:30:09	3	4	1	0
       86	2025-08-14 18:30:18	3	4	1	0
      105	2025-08-14 18:30:41	3	1	1	0
       55	2025-08-14 18:30:48	3	1	1	0
       77	2025-08-14 18:31:11	3	1	1	0
       78	2025-08-14 18:31:21	3	1	1	0
       91	2025-08-14 18:31:24	3	1	1	0
       41	2025-08-14 18:32:15	3	1	1	0
       87	2025-08-14 18:32:21	3	1	1	0
      131	2025-08-14 18:33:20	3	1	1	0
       70	2025-08-14 18:34:20	3	1	1	0
       73	2025-08-14 18:36:30	3	1	1	0
       61	2025-08-14 18:40:38	3	1	1	0
        2	2025-08-14 19:01:44	3	1	1	0
        8	2025-08-14 19:03:36	3	1	1	0
       75	2025-08-14 19:09:43	3	1	1	0
       83	2025-08-14 19:09:56	3	1	1	0
       87	2025-08-15 07:56:39	3	0	1	0
       25	2025-08-15 08:05:47	3	0	1	0
       15	2025-08-15 08:11:38	3	0	4	0
       41	2025-08-15 08:14:04	3	0	1	0
      131	2025-08-15 08:17:46	3	0	1	0
      105	2025-08-15 08:19:54	3	0	1	0
      105	2025-08-15 08:19:57	3	0	1	0
       81	2025-08-15 08:20:01	3	0	1	0
       91	2025-08-15 08:20:09	3	0	1	0
       77	2025-08-15 08:23:39	3	0	1	0
       67	2025-08-15 08:24:02	3	0	1	0
       55	2025-08-15 08:25:55	3	0	1	0
       55	2025-08-15 08:25:58	3	0	1	0
       70	2025-08-15 08:26:04	3	0	1	0
       86	2025-08-15 08:26:38	3	0	1	0
       78	2025-08-15 08:28:54	3	0	1	0
       73	2025-08-15 08:30:16	3	0	1	0
       80	2025-08-15 08:31:44	3	0	1	0
       84	2025-08-15 08:34:50	3	0	1	0
       15	2025-08-15 08:39:43	3	0	4	0
       75	2025-08-15 08:42:38	3	0	1	0
       68	2025-08-15 08:46:04	3	0	1	0
       60	2025-08-15 08:50:52	3	0	4	0
       87	2025-08-15 08:56:35	3	0	1	0
       70	2025-08-15 08:57:26	3	0	1	0
      110	2025-08-15 08:58:26	3	0	3	0
       20	2025-08-15 09:00:01	3	0	1	0
       83	2025-08-15 09:05:07	3	0	1	0
       68	2025-08-15 09:09:50	3	0	1	0
       70	2025-08-15 09:18:37	3	0	1	0
       68	2025-08-15 09:28:09	3	0	1	0
        3	2025-08-15 09:29:44	3	0	4	0
       68	2025-08-15 09:31:08	3	0	4	0
       70	2025-08-15 09:34:06	3	0	1	0
        8	2025-08-15 10:25:33	3	0	1	0
        2	2025-08-15 10:28:49	3	0	1	0
       86	2025-08-15 11:13:37	3	0	1	0
       86	2025-08-15 11:28:48	3	0	1	0
       91	2025-08-15 11:41:19	3	0	1	0
       78	2025-08-15 11:41:23	3	0	1	0
       80	2025-08-15 11:42:38	3	0	1	0
       81	2025-08-15 11:42:44	3	0	1	0
       67	2025-08-15 11:42:49	3	0	1	0
       91	2025-08-15 11:57:57	3	0	1	0
       78	2025-08-15 11:58:00	3	0	1	0
       80	2025-08-15 11:59:38	3	0	1	0
       81	2025-08-15 11:59:44	3	0	1	0
       67	2025-08-15 11:59:51	3	0	1	0
       81	2025-08-15 15:13:06	3	0	1	0
       80	2025-08-15 15:15:33	3	0	1	0
       67	2025-08-15 15:15:39	3	0	1	0
       91	2025-08-15 15:18:51	3	0	1	0
       78	2025-08-15 15:18:54	3	0	1	0
       77	2025-08-15 15:18:58	3	0	1	0
       86	2025-08-15 15:20:40	3	0	1	0
       55	2025-08-15 15:21:43	3	0	1	0
       70	2025-08-15 15:25:51	3	0	1	0
       41	2025-08-15 15:27:14	3	0	1	0
       87	2025-08-15 15:27:22	3	0	1	0
      131	2025-08-15 15:28:29	3	0	1	0
       25	2025-08-15 15:34:03	3	0	1	0
       73	2025-08-15 15:34:10	3	0	1	0
      105	2025-08-15 15:34:38	3	1	1	0
       83	2025-08-15 15:52:26	3	1	1	0
       75	2025-08-15 15:52:33	3	1	1	0
        8	2025-08-15 16:00:17	3	1	1	0
        2	2025-08-15 16:03:48	3	1	1	0
        2	2025-08-15 16:03:50	3	1	1	0
       20	2025-08-17 08:33:22	3	1	1	0
       68	2025-08-17 09:11:38	3	1	4	0
       68	2025-08-17 09:11:41	3	1	4	0
       25	2025-08-18 07:53:14	3	0	1	0
       68	2025-08-18 07:56:53	3	0	1	0
      131	2025-08-18 08:04:35	3	0	1	0
       41	2025-08-18 08:05:13	3	0	1	0
       61	2025-08-18 08:10:41	3	0	1	0
       90	2025-08-18 08:12:41	3	0	1	0
       55	2025-08-18 08:12:47	3	0	1	0
       55	2025-08-18 08:12:52	3	0	1	0
       20	2025-08-18 08:13:43	3	0	1	0
       80	2025-08-18 08:21:43	3	0	1	0
       81	2025-08-18 08:22:56	3	0	1	0
       77	2025-08-18 08:23:42	3	0	1	0
      105	2025-08-18 08:24:27	3	0	1	0
      105	2025-08-18 08:24:30	3	0	1	0
       73	2025-08-18 08:24:56	3	0	1	0
       84	2025-08-18 08:25:05	3	0	1	0
       86	2025-08-18 08:26:57	3	0	1	0
       67	2025-08-18 08:27:47	3	0	1	0
       78	2025-08-18 08:28:13	3	0	1	0
       70	2025-08-18 08:32:10	3	0	1	0
       60	2025-08-18 08:34:12	3	0	4	0
      179	2025-08-18 08:39:28	3	0	4	0
       75	2025-08-18 08:39:51	3	0	1	0
       15	2025-08-18 08:45:29	3	0	4	0
       16	2025-08-18 08:50:24	3	0	4	0
       17	2025-08-18 08:54:00	3	0	4	0
       20	2025-08-18 08:55:49	3	0	1	0
        8	2025-08-18 09:07:25	3	0	1	0
       90	2025-08-18 09:09:35	3	0	1	0
      178	2025-08-18 09:11:50	3	0	4	0
       83	2025-08-18 09:15:17	3	0	1	0
      110	2025-08-18 09:16:45	3	0	3	0
       90	2025-08-18 09:16:58	3	0	1	0
       70	2025-08-18 09:29:49	3	0	1	0
       70	2025-08-18 09:37:05	3	0	1	0
       68	2025-08-18 09:45:54	3	0	4	0
       83	2025-08-18 09:48:06	3	0	1	0
       19	2025-08-18 09:55:44	3	0	1	0
        2	2025-08-18 09:57:57	3	0	1	0
       70	2025-08-18 10:04:47	3	0	1	0
        8	2025-08-18 10:08:07	3	0	1	0
       70	2025-08-18 10:18:40	3	0	1	0
       68	2025-08-18 10:33:03	3	0	4	0
      179	2025-08-18 10:44:09	3	0	4	0
      179	2025-08-18 10:44:11	3	0	4	0
       20	2025-08-18 11:13:33	3	0	1	0
       86	2025-08-18 11:15:15	3	0	1	0
       77	2025-08-18 11:17:19	3	0	1	0
       73	2025-08-18 11:18:09	3	0	1	0
       86	2025-08-18 11:29:26	3	0	1	0
       77	2025-08-18 11:32:43	3	0	1	0
       73	2025-08-18 11:37:30	3	0	1	0
       68	2025-08-18 11:37:36	3	0	4	0
       78	2025-08-18 11:42:06	3	0	1	0
       81	2025-08-18 11:45:14	3	0	1	0
       80	2025-08-18 11:45:24	3	0	1	0
       67	2025-08-18 11:45:29	3	0	1	0
       68	2025-08-18 11:48:02	3	0	4	0
       78	2025-08-18 11:55:54	3	0	1	0
       70	2025-08-18 12:00:18	3	0	1	0
       80	2025-08-18 12:01:00	3	0	1	0
       67	2025-08-18 12:01:09	3	0	1	0
       81	2025-08-18 12:01:16	3	0	1	0
       61	2025-08-18 13:05:33	3	5	1	0
       61	2025-08-18 13:59:52	3	4	1	0
      105	2025-08-18 14:05:27	3	4	1	0
       55	2025-08-18 14:05:36	3	4	1	0
       41	2025-08-18 14:05:44	3	4	1	0
       73	2025-08-18 14:10:48	3	4	1	0
       86	2025-08-18 14:13:00	3	4	1	0
       84	2025-08-18 14:14:17	3	4	1	0
        8	2025-08-18 14:48:35	3	5	1	0
       80	2025-08-18 15:01:51	3	5	1	0
       67	2025-08-18 15:02:00	3	5	1	0
       81	2025-08-18 15:02:13	3	5	1	0
       90	2025-08-18 15:06:15	3	5	1	0
      105	2025-08-18 15:07:18	3	5	1	0
       41	2025-08-18 15:07:27	3	5	1	0
       55	2025-08-18 15:07:37	3	5	1	0
       86	2025-08-18 15:12:15	3	5	1	0
      131	2025-08-18 15:12:45	3	5	1	0
       25	2025-08-18 15:12:50	3	5	1	0
       73	2025-08-18 15:15:20	3	5	1	0
       77	2025-08-18 15:18:18	3	5	1	0
       78	2025-08-18 15:27:29	3	5	1	0
        8	2025-08-18 15:50:34	3	4	1	0
       80	2025-08-18 16:05:25	3	4	1	0
       67	2025-08-18 16:05:29	3	4	1	0
       81	2025-08-18 16:05:34	3	4	1	0
      131	2025-08-18 16:13:23	3	4	1	0
       25	2025-08-18 16:13:28	3	4	1	0
       77	2025-08-18 16:23:11	3	4	1	0
       86	2025-08-18 18:30:07	3	4	1	0
       73	2025-08-18 18:30:32	3	4	1	0
       81	2025-08-18 18:30:46	3	4	1	0
       77	2025-08-18 18:31:01	3	4	1	0
       70	2025-08-18 18:31:59	3	4	1	0
       80	2025-08-18 18:32:10	3	4	1	0
       67	2025-08-18 18:32:19	3	4	1	0
       25	2025-08-18 18:32:49	3	4	1	0
       41	2025-08-18 18:33:08	3	4	1	0
      131	2025-08-18 18:33:13	3	4	1	0
       78	2025-08-18 18:33:24	3	1	1	0
       61	2025-08-18 18:36:36	3	1	1	0
       68	2025-08-18 18:37:14	3	1	1	0
      105	2025-08-18 18:40:48	3	1	1	0
       55	2025-08-18 18:40:52	3	1	1	0
        2	2025-08-18 19:02:03	3	1	1	0
        2	2025-08-18 19:02:06	3	1	1	0
       75	2025-08-18 19:09:18	3	1	1	0
       83	2025-08-18 19:09:24	3	1	1	0
        8	2025-08-18 20:04:08	3	1	1	0
       14	2025-08-19 07:11:21	3	1	4	0
       87	2025-08-19 07:54:27	3	1	1	0
       15	2025-08-19 08:04:49	3	1	4	0
       41	2025-08-19 08:06:30	3	1	1	0
       73	2025-08-19 08:10:20	3	1	1	0
       61	2025-08-19 08:14:55	3	0	1	0
       81	2025-08-19 08:15:08	3	0	1	0
      105	2025-08-19 08:20:29	3	0	1	0
      105	2025-08-19 08:20:33	3	0	1	0
       84	2025-08-19 08:20:39	3	0	1	0
       90	2025-08-19 08:20:44	3	0	1	0
       55	2025-08-19 08:22:19	3	0	1	0
      131	2025-08-19 08:22:25	3	0	1	0
       77	2025-08-19 08:24:21	3	0	1	0
       91	2025-08-19 08:25:06	3	0	1	0
       78	2025-08-19 08:25:11	3	0	1	0
       67	2025-08-19 08:25:24	3	0	1	0
       86	2025-08-19 08:27:11	3	0	1	0
       80	2025-08-19 08:34:19	3	0	1	0
       70	2025-08-19 08:38:33	3	0	4	0
       14	2025-08-19 08:42:15	3	0	4	0
       75	2025-08-19 08:43:16	3	0	1	0
       16	2025-08-19 08:50:15	3	0	4	0
       70	2025-08-19 08:53:47	3	0	1	0
       70	2025-08-19 09:02:02	3	0	1	0
       20	2025-08-19 09:02:39	3	0	1	0
       90	2025-08-19 09:07:56	3	0	1	0
       17	2025-08-19 09:09:36	3	0	4	0
      110	2025-08-19 09:18:25	3	0	3	0
       70	2025-08-19 09:20:59	3	0	1	0
       14	2025-08-19 09:31:39	3	0	4	0
       83	2025-08-19 09:34:14	3	0	1	0
       70	2025-08-19 09:40:54	3	0	1	0
       20	2025-08-19 09:47:19	3	0	1	0
       90	2025-08-19 09:49:44	3	0	1	0
       68	2025-08-19 09:50:42	3	0	4	0
        2	2025-08-19 10:26:44	3	0	1	0
       81	2025-08-19 11:13:47	3	0	1	0
       80	2025-08-19 11:14:00	3	0	1	0
       67	2025-08-19 11:14:05	3	0	1	0
       86	2025-08-19 11:15:08	3	0	1	0
       77	2025-08-19 11:18:29	3	0	1	0
       86	2025-08-19 11:30:56	3	0	1	0
       80	2025-08-19 11:33:11	3	0	1	0
       81	2025-08-19 11:33:22	3	0	1	0
       67	2025-08-19 11:33:32	3	0	1	0
       91	2025-08-19 11:41:15	3	0	1	0
       78	2025-08-19 11:41:19	3	0	1	0
       91	2025-08-19 11:56:58	3	0	1	0
       78	2025-08-19 11:57:02	3	0	1	0
        9	2025-08-19 13:21:16	3	0	1	0
       61	2025-08-19 13:46:17	3	5	1	0
       90	2025-08-19 13:58:50	3	5	1	0
       55	2025-08-19 14:07:22	3	5	1	0
      105	2025-08-19 14:07:31	3	5	1	0
       41	2025-08-19 14:07:38	3	5	1	0
       87	2025-08-19 14:07:46	3	5	1	0
       73	2025-08-19 14:08:39	3	5	1	0
       86	2025-08-19 14:13:44	3	5	1	0
      131	2025-08-19 14:34:48	3	5	1	0
       61	2025-08-19 14:42:31	3	4	1	0
       55	2025-08-19 14:47:49	3	4	1	0
        8	2025-08-19 15:00:57	3	5	1	0
       73	2025-08-19 15:08:10	3	5	1	0
       80	2025-08-19 15:11:51	3	5	1	0
       67	2025-08-19 15:11:57	3	5	1	0
       81	2025-08-19 15:12:08	3	5	1	0
       81	2025-08-19 15:12:11	3	5	1	0
      105	2025-08-19 15:14:25	3	5	1	0
       87	2025-08-19 15:14:31	3	5	1	0
       41	2025-08-19 15:14:39	3	5	1	0
       86	2025-08-19 15:14:45	3	5	1	0
       77	2025-08-19 15:25:36	3	5	1	0
       91	2025-08-19 15:32:07	3	5	1	0
       78	2025-08-19 15:32:13	3	5	1	0
      131	2025-08-19 15:35:11	3	5	1	0
        8	2025-08-19 16:07:00	3	4	1	0
       80	2025-08-19 16:14:08	3	4	1	0
       81	2025-08-19 16:14:13	3	4	1	0
       67	2025-08-19 16:14:17	3	4	1	0
       77	2025-08-19 16:29:01	3	4	1	0
       91	2025-08-19 16:32:25	3	4	1	0
       78	2025-08-19 16:32:29	3	4	1	0
       81	2025-08-19 18:29:41	3	4	1	0
       86	2025-08-19 18:29:54	3	4	1	0
      105	2025-08-19 18:30:09	3	1	1	0
       55	2025-08-19 18:30:14	3	1	1	0
       77	2025-08-19 18:30:24	3	1	1	0
       80	2025-08-19 18:31:15	3	1	1	0
       67	2025-08-19 18:31:21	3	1	1	0
       73	2025-08-19 18:31:52	3	1	1	0
       91	2025-08-19 18:33:07	3	1	1	0
       78	2025-08-19 18:33:31	3	1	1	0
       87	2025-08-19 18:33:40	3	1	1	0
       41	2025-08-19 18:33:45	3	1	1	0
       68	2025-08-19 18:35:47	3	1	1	0
       70	2025-08-19 18:39:32	3	1	1	0
       61	2025-08-19 18:39:40	3	1	1	0
      131	2025-08-19 18:55:19	3	1	1	0
        2	2025-08-19 19:06:53	3	1	1	0
        8	2025-08-19 19:07:35	3	1	1	0
       83	2025-08-19 19:24:18	3	1	1	0
       75	2025-08-19 19:24:24	3	1	1	0
       87	2025-08-20 07:49:24	3	1	1	0
       15	2025-08-20 08:09:59	3	1	4	0
       41	2025-08-20 08:11:18	3	1	1	0
      105	2025-08-20 08:13:31	3	0	1	0
      105	2025-08-20 08:13:36	3	0	1	0
       55	2025-08-20 08:13:41	3	0	1	0
       55	2025-08-20 08:13:46	3	0	1	0
       78	2025-08-20 08:13:50	3	0	1	0
       80	2025-08-20 08:17:44	3	0	1	0
       90	2025-08-20 08:17:56	3	0	1	0
       61	2025-08-20 08:18:17	3	0	1	0
       81	2025-08-20 08:18:36	3	0	1	0
       73	2025-08-20 08:20:31	3	0	1	0
       84	2025-08-20 08:20:43	3	0	1	0
       77	2025-08-20 08:24:22	3	0	1	0
       91	2025-08-20 08:25:43	3	0	1	0
       86	2025-08-20 08:26:24	3	0	1	0
       67	2025-08-20 08:26:46	3	0	1	0
       90	2025-08-20 08:29:01	3	0	1	0
       77	2025-08-20 08:35:04	3	0	1	0
       16	2025-08-20 08:41:47	3	0	4	0
       90	2025-08-20 08:45:52	3	0	1	0
       84	2025-08-20 08:47:04	3	0	1	0
       41	2025-08-20 08:47:53	3	0	1	0
       16	2025-08-20 08:49:00	3	0	4	0
        8	2025-08-20 08:49:57	3	0	1	0
       16	2025-08-20 08:52:05	3	0	4	0
       83	2025-08-20 09:08:58	3	0	1	0
       81	2025-08-20 11:07:59	3	0	1	0
       81	2025-08-20 11:08:02	3	0	1	0
       67	2025-08-20 11:08:10	3	0	1	0
       80	2025-08-20 11:08:16	3	0	1	0
       86	2025-08-20 11:14:21	3	0	1	0
       73	2025-08-20 11:20:50	3	0	1	0
       80	2025-08-20 11:26:06	3	0	1	0
       81	2025-08-20 11:26:12	3	0	1	0
       67	2025-08-20 11:26:20	3	0	1	0
       86	2025-08-20 11:30:06	3	0	1	0
       73	2025-08-20 11:36:07	3	0	1	0
       91	2025-08-20 11:36:30	3	0	1	0
       78	2025-08-20 11:36:34	3	0	1	0
       91	2025-08-20 11:52:14	3	0	1	0
       78	2025-08-20 11:52:18	3	0	1	0
       61	2025-08-20 12:57:39	3	5	1	0
       61	2025-08-20 13:54:14	3	4	1	0
       75	2025-08-20 14:02:36	3	4	1	0
       90	2025-08-20 14:03:57	3	4	1	0
       73	2025-08-20 14:08:14	3	4	1	0
       41	2025-08-20 14:14:19	3	4	1	0
       87	2025-08-20 14:14:25	3	4	1	0
       55	2025-08-20 14:14:31	3	4	1	0
       55	2025-08-20 14:14:35	3	4	1	0
      105	2025-08-20 14:14:54	3	4	1	0
       86	2025-08-20 14:17:06	3	4	1	0
       80	2025-08-20 15:09:17	3	4	1	0
       81	2025-08-20 15:09:25	3	4	1	0
       73	2025-08-20 15:10:21	3	4	1	0
       41	2025-08-20 15:15:44	3	4	1	0
      105	2025-08-20 15:15:57	3	4	1	0
       87	2025-08-20 15:16:02	3	4	1	0
       55	2025-08-20 15:16:41	3	4	1	0
       86	2025-08-20 15:17:22	3	4	1	0
       77	2025-08-20 15:27:14	3	4	1	0
       78	2025-08-20 15:35:40	3	4	1	0
       91	2025-08-20 15:35:46	3	4	1	0
       67	2025-08-20 15:40:42	3	4	1	0
       80	2025-08-20 16:12:38	3	4	1	0
       81	2025-08-20 16:12:42	3	4	1	0
       77	2025-08-20 16:28:49	3	4	1	0
       91	2025-08-20 16:30:46	3	4	1	0
       78	2025-08-20 16:30:50	3	4	1	0
       67	2025-08-20 16:39:03	3	4	1	0
       86	2025-08-20 18:29:37	3	4	1	0
       81	2025-08-20 18:30:35	3	4	1	0
      105	2025-08-20 18:31:07	3	1	1	0
       55	2025-08-20 18:31:12	3	1	1	0
       80	2025-08-20 18:31:22	3	1	1	0
       67	2025-08-20 18:31:32	3	1	1	0
       73	2025-08-20 18:31:40	3	1	1	0
       77	2025-08-20 18:31:49	3	1	1	0
       91	2025-08-20 18:32:38	3	1	1	0
       78	2025-08-20 18:32:42	3	1	1	0
       61	2025-08-20 18:33:16	3	1	1	0
       41	2025-08-20 18:33:44	3	1	1	0
       87	2025-08-20 18:33:52	3	1	1	0
        8	2025-08-20 19:06:46	3	1	1	0
       75	2025-08-20 19:14:30	3	1	1	0
       83	2025-08-20 19:14:36	3	1	1	0
       41	2025-08-21 08:08:23	3	1	1	0
       25	2025-08-21 08:08:58	3	1	1	0
       81	2025-08-21 08:09:02	3	1	1	0
       61	2025-08-21 08:12:14	3	0	1	0
       87	2025-08-21 08:13:43	3	0	1	0
       73	2025-08-21 08:14:09	3	0	1	0
      105	2025-08-21 08:21:17	3	0	1	0
      105	2025-08-21 08:21:22	3	0	1	0
       55	2025-08-21 08:21:25	3	0	1	0
       55	2025-08-21 08:21:30	3	0	1	0
       90	2025-08-21 08:21:37	3	0	1	0
       90	2025-08-21 08:21:52	3	0	1	0
       78	2025-08-21 08:23:46	3	0	1	0
       80	2025-08-21 08:23:54	3	0	1	0
       84	2025-08-21 08:24:02	3	0	1	0
       77	2025-08-21 08:24:45	3	0	1	0
       70	2025-08-21 08:25:30	3	0	1	0
       91	2025-08-21 08:26:26	3	0	1	0
       67	2025-08-21 08:27:10	3	0	1	0
       86	2025-08-21 08:27:53	3	0	1	0
      131	2025-08-21 08:27:59	3	0	1	0
      179	2025-08-21 08:29:05	3	0	4	0
       75	2025-08-21 08:51:06	3	0	1	0
        8	2025-08-21 08:51:12	3	0	1	0
       70	2025-08-21 08:55:32	3	0	4	0
       70	2025-08-21 08:55:35	3	0	4	0
       83	2025-08-21 09:30:06	3	0	1	0
        2	2025-08-21 10:11:25	3	0	1	0
       86	2025-08-21 11:15:47	3	0	1	0
       73	2025-08-21 11:16:38	3	0	1	0
       80	2025-08-21 11:20:36	3	0	1	0
       81	2025-08-21 11:20:46	3	0	1	0
       67	2025-08-21 11:20:51	3	0	1	0
       86	2025-08-21 11:31:44	3	0	1	0
       73	2025-08-21 11:34:07	3	0	1	0
       80	2025-08-21 11:38:49	3	0	1	0
       81	2025-08-21 11:39:00	3	0	1	0
       67	2025-08-21 11:39:07	3	0	1	0
        9	2025-08-21 11:39:49	3	0	1	0
       70	2025-08-21 11:42:40	3	0	1	0
       90	2025-08-21 11:42:48	3	0	1	0
       91	2025-08-21 11:44:00	3	0	1	0
       78	2025-08-21 11:44:05	3	0	1	0
       91	2025-08-21 11:59:11	3	0	1	0
       78	2025-08-21 11:59:15	3	0	1	0
       70	2025-08-21 12:20:44	3	0	1	0
       61	2025-08-21 13:11:29	3	5	1	0
       61	2025-08-21 14:03:14	3	4	1	0
       90	2025-08-21 14:11:39	3	4	1	0
       73	2025-08-21 14:13:01	3	4	1	0
      105	2025-08-21 14:20:26	3	4	1	0
       87	2025-08-21 14:20:44	3	4	1	0
       41	2025-08-21 14:21:10	3	4	1	0
       55	2025-08-21 14:22:28	3	4	1	0
       86	2025-08-21 14:25:06	3	4	1	0
        8	2025-08-21 14:56:06	3	5	1	0
       84	2025-08-21 15:00:16	3	5	1	0
       80	2025-08-21 15:13:24	3	5	1	0
       67	2025-08-21 15:13:32	3	5	1	0
       81	2025-08-21 15:13:36	3	5	1	0
       73	2025-08-21 15:14:09	3	5	1	0
       87	2025-08-21 15:21:40	3	5	1	0
      105	2025-08-21 15:21:45	3	5	1	0
       41	2025-08-21 15:21:53	3	5	1	0
       55	2025-08-21 15:22:04	3	5	1	0
       86	2025-08-21 15:24:49	3	5	1	0
       25	2025-08-21 15:28:02	3	5	1	0
      131	2025-08-21 15:28:06	3	5	1	0
       77	2025-08-21 15:30:04	3	5	1	0
       91	2025-08-21 15:35:16	3	5	1	0
       78	2025-08-21 15:35:20	3	5	1	0
        8	2025-08-21 16:06:35	3	4	1	0
       80	2025-08-21 16:13:47	3	4	1	0
       81	2025-08-21 16:13:57	3	4	1	0
       67	2025-08-21 16:14:05	3	4	1	0
       25	2025-08-21 16:30:52	3	4	1	0
      131	2025-08-21 16:30:58	3	4	1	0
       91	2025-08-21 16:36:33	3	4	1	0
       78	2025-08-21 16:36:37	3	4	1	0
       77	2025-08-21 16:38:27	3	4	1	0
       80	2025-08-21 18:29:49	3	4	1	0
       67	2025-08-21 18:29:56	3	4	1	0
       81	2025-08-21 18:30:10	3	4	1	0
       87	2025-08-21 18:30:37	3	4	1	0
       86	2025-08-21 18:30:41	3	4	1	0
      105	2025-08-21 18:31:15	3	1	1	0
       55	2025-08-21 18:31:33	3	1	1	0
       41	2025-08-21 18:31:52	3	1	1	0
       73	2025-08-21 18:31:59	3	1	1	0
       77	2025-08-21 18:32:35	3	1	1	0
       25	2025-08-21 18:33:06	3	1	1	0
      131	2025-08-21 18:33:11	3	1	1	0
       91	2025-08-21 18:33:22	3	1	1	0
       78	2025-08-21 18:33:26	3	1	1	0
       68	2025-08-21 18:34:40	3	1	1	0
       61	2025-08-21 18:37:27	3	1	1	0
       70	2025-08-21 18:38:04	3	1	1	0
        2	2025-08-21 18:59:54	3	1	1	0
        2	2025-08-21 18:59:57	3	1	1	0
        8	2025-08-21 19:05:52	3	1	1	0
       75	2025-08-21 19:08:20	3	1	1	0
       83	2025-08-21 19:08:24	3	1	1	0
       87	2025-08-22 07:45:01	3	1	1	0
      131	2025-08-22 08:06:38	3	1	1	0
       90	2025-08-22 08:12:31	3	1	1	0
       77	2025-08-22 08:12:38	3	1	1	0
      105	2025-08-22 08:15:25	3	0	1	0
       55	2025-08-22 08:15:33	3	0	1	0
       55	2025-08-22 08:15:37	3	0	1	0
      105	2025-08-22 08:15:41	3	0	1	0
       61	2025-08-22 08:20:04	3	0	1	0
       84	2025-08-22 08:20:20	3	0	1	0
       80	2025-08-22 08:21:53	3	0	1	0
       41	2025-08-22 08:22:33	3	0	1	0
       67	2025-08-22 08:24:37	3	0	1	0
       73	2025-08-22 08:24:46	3	0	1	0
       86	2025-08-22 08:26:26	3	0	1	0
       70	2025-08-22 08:28:11	3	0	1	0
       91	2025-08-22 08:28:18	3	0	1	0
       78	2025-08-22 08:28:22	3	0	1	0
       84	2025-08-22 08:30:36	3	0	1	0
       70	2025-08-22 08:32:35	3	0	4	0
       75	2025-08-22 08:38:31	3	0	1	0
       83	2025-08-22 08:52:22	3	0	1	0
       70	2025-08-22 08:53:30	3	0	1	0
       83	2025-08-22 08:59:34	3	0	1	0
      179	2025-08-22 09:02:26	3	0	4	0
      173	2025-08-22 09:05:16	3	0	4	0
       84	2025-08-22 09:06:44	3	0	1	0
       84	2025-08-22 09:13:10	3	0	1	0
       17	2025-08-22 09:22:15	3	0	4	0
       84	2025-08-22 09:25:05	3	0	1	0
       60	2025-08-22 09:27:29	3	0	4	0
      110	2025-08-22 09:30:28	3	0	3	0
       20	2025-08-22 09:51:29	3	0	1	0
       19	2025-08-22 10:02:31	3	0	1	0
        3	2025-08-22 10:14:51	3	0	4	0
       20	2025-08-22 10:15:14	3	0	1	0
       90	2025-08-22 10:23:36	3	0	1	0
       20	2025-08-22 10:26:57	3	0	1	0
        2	2025-08-22 10:30:59	3	0	1	0
       90	2025-08-22 10:46:02	3	0	1	0
      178	2025-08-22 10:49:37	3	0	4	0
       15	2025-08-22 10:59:08	3	0	4	0
       20	2025-08-22 11:04:34	3	0	1	0
       15	2025-08-22 11:12:52	3	0	4	0
       91	2025-08-22 11:16:46	3	0	1	0
       78	2025-08-22 11:16:50	3	0	1	0
       86	2025-08-22 11:19:06	3	0	1	0
       20	2025-08-22 11:24:06	3	0	1	0
       73	2025-08-22 11:24:56	3	0	1	0
       77	2025-08-22 11:30:08	3	0	1	0
      173	2025-08-22 11:32:55	3	0	4	0
       20	2025-08-22 11:34:50	3	0	1	0
       91	2025-08-22 11:35:32	3	0	1	0
       78	2025-08-22 11:35:40	3	0	1	0
       86	2025-08-22 11:35:47	3	0	1	0
      105	2025-08-22 11:39:53	3	0	1	0
       73	2025-08-22 11:42:18	3	0	1	0
       41	2025-08-22 11:43:47	3	0	1	0
      131	2025-08-22 11:45:07	3	0	1	0
       77	2025-08-22 11:46:00	3	0	1	0
       75	2025-08-22 11:48:20	3	0	1	0
        8	2025-08-22 11:56:56	3	0	1	0
       41	2025-08-22 11:59:54	3	0	1	0
       84	2025-08-22 12:12:28	3	0	1	0
       84	2025-08-22 12:15:48	3	0	1	0
        8	2025-08-22 12:20:29	3	0	1	0
       70	2025-08-22 12:24:12	3	0	1	0
       67	2025-08-22 12:25:21	3	0	1	0
       20	2025-08-22 12:26:13	3	0	1	0
        8	2025-08-22 13:04:00	3	0	1	0
       68	2025-08-22 13:05:42	3	0	1	0
      178	2025-08-22 13:25:57	3	0	4	0
       80	2025-08-22 13:31:41	3	0	1	0
       67	2025-08-22 13:31:49	3	0	1	0
        1	2025-08-22 13:34:41	3	0	1	0
       20	2025-08-22 13:49:11	3	0	1	0
       80	2025-08-22 13:49:50	3	0	1	0
       67	2025-08-22 13:50:02	3	0	1	0
       90	2025-08-22 14:01:14	3	0	1	0
      179	2025-08-22 14:05:57	3	0	4	0
       84	2025-08-22 14:25:31	3	0	1	0
       68	2025-08-22 14:43:38	3	0	1	0
       84	2025-08-22 14:48:42	3	0	1	0
       80	2025-08-22 15:31:09	3	0	1	0
       73	2025-08-22 15:31:14	3	0	1	0
       67	2025-08-22 15:31:20	3	0	1	0
       86	2025-08-22 15:31:34	3	0	1	0
       78	2025-08-22 15:31:39	3	0	1	0
      105	2025-08-22 15:31:58	3	1	1	0
       87	2025-08-22 15:32:02	3	1	1	0
       55	2025-08-22 15:32:45	3	1	1	0
       70	2025-08-22 15:38:16	3	1	4	0
       41	2025-08-22 15:41:55	3	1	1	0
       77	2025-08-22 15:42:45	3	1	1	0
      131	2025-08-22 15:50:00	3	1	1	0
       61	2025-08-22 15:53:30	3	1	1	0
       70	2025-08-22 15:58:07	3	1	1	0
        2	2025-08-22 15:58:15	3	1	1	0
        8	2025-08-22 16:09:47	3	1	1	0
       75	2025-08-22 16:20:40	3	1	1	0
       83	2025-08-22 16:20:46	3	1	1	0
        3	2025-08-22 16:28:21	3	1	4	0
      179	2025-08-22 17:22:16	3	1	4	0
       68	2025-08-23 10:12:23	3	1	4	0
       68	2025-08-23 10:25:28	3	1	4	0
       14	2025-08-24 11:45:06	3	1	1	0
       14	2025-08-24 17:05:24	3	1	1	0
       87	2025-08-25 07:47:26	3	0	1	0
       60	2025-08-25 07:49:33	3	0	4	0
      131	2025-08-25 08:08:58	3	0	1	0
       61	2025-08-25 08:17:13	3	0	1	0
       90	2025-08-25 08:17:31	3	0	1	0
       77	2025-08-25 08:22:20	3	0	1	0
       55	2025-08-25 08:25:47	3	0	1	0
       80	2025-08-25 08:25:58	3	0	1	0
       70	2025-08-25 08:26:42	3	0	1	0
       91	2025-08-25 08:26:49	3	0	1	0
       78	2025-08-25 08:26:53	3	0	1	0
       86	2025-08-25 08:27:16	3	0	1	0
       84	2025-08-25 08:27:29	3	0	1	0
       73	2025-08-25 08:29:28	3	0	1	0
      105	2025-08-25 08:29:41	3	0	1	0
      105	2025-08-25 08:29:45	3	0	1	0
       81	2025-08-25 08:31:37	3	0	1	0
       90	2025-08-25 08:33:10	3	0	1	0
       41	2025-08-25 08:44:17	3	0	1	0
       17	2025-08-25 08:54:18	3	0	4	0
      179	2025-08-25 08:55:27	3	0	4	0
       75	2025-08-25 08:55:48	3	0	1	0
      110	2025-08-25 08:59:31	3	0	3	0
       90	2025-08-25 09:00:52	3	0	1	0
       83	2025-08-25 09:07:03	3	0	1	0
        2	2025-08-25 09:21:37	3	0	1	0
        2	2025-08-25 09:21:42	3	0	1	0
       16	2025-08-25 09:30:04	3	0	4	0
       14	2025-08-25 09:32:50	3	0	4	0
       16	2025-08-25 09:49:46	3	0	4	0
       15	2025-08-25 09:55:59	3	0	4	0
        8	2025-08-25 10:05:21	3	0	1	0
       19	2025-08-25 10:07:53	3	0	1	0
        8	2025-08-25 10:28:45	3	0	1	0
       86	2025-08-25 11:12:36	3	0	1	0
       73	2025-08-25 11:21:24	3	0	1	0
       86	2025-08-25 11:28:23	3	0	1	0
       22	2025-08-25 11:29:41	3	0	1	0
       77	2025-08-25 11:33:43	3	0	1	0
       22	2025-08-25 11:36:10	3	0	1	0
       73	2025-08-25 11:37:29	3	0	1	0
       91	2025-08-25 11:40:56	3	0	1	0
       78	2025-08-25 11:41:05	3	0	1	0
      131	2025-08-25 11:46:37	3	0	1	0
       55	2025-08-25 11:46:57	3	0	1	0
       83	2025-08-25 11:47:17	3	0	1	0
       77	2025-08-25 11:53:20	3	0	1	0
       91	2025-08-25 11:55:01	3	0	1	0
       78	2025-08-25 11:55:07	3	0	1	0
      110	2025-08-25 11:56:13	3	0	3	0
       70	2025-08-25 11:56:44	3	0	1	0
       83	2025-08-25 11:58:38	3	0	1	0
       80	2025-08-25 12:01:34	3	0	1	0
       81	2025-08-25 12:01:39	3	0	1	0
       70	2025-08-25 12:07:36	3	0	4	0
       70	2025-08-25 12:07:39	3	0	4	0
       84	2025-08-25 12:12:52	3	0	1	0
       80	2025-08-25 12:15:52	3	0	1	0
       81	2025-08-25 12:15:57	3	0	1	0
        9	2025-08-25 12:23:06	3	0	1	0
       22	2025-08-25 12:35:41	3	0	1	0
        9	2025-08-25 12:39:23	3	0	1	0
       15	2025-08-25 12:54:16	3	0	4	0
        9	2025-08-25 13:02:07	3	0	1	0
       61	2025-08-25 13:09:40	3	5	1	0
       60	2025-08-25 13:33:23	3	5	4	0
        9	2025-08-25 13:40:42	3	5	1	0
        2	2025-08-25 13:41:49	3	5	1	0
        9	2025-08-25 13:57:37	3	5	1	0
        9	2025-08-25 14:03:08	3	5	1	0
       61	2025-08-25 14:06:22	3	4	1	0
       90	2025-08-25 14:10:09	3	4	1	0
       87	2025-08-25 14:12:56	3	4	1	0
       55	2025-08-25 14:13:12	3	4	1	0
       41	2025-08-25 14:13:18	3	4	1	0
      105	2025-08-25 14:13:28	3	4	1	0
       73	2025-08-25 14:15:55	3	4	1	0
       86	2025-08-25 14:19:38	3	4	1	0
        9	2025-08-25 14:32:08	3	4	1	0
       70	2025-08-25 15:06:10	3	4	1	0
        9	2025-08-25 15:11:24	3	4	1	0
      105	2025-08-25 15:15:51	3	4	1	0
       41	2025-08-25 15:16:06	3	4	1	0
       55	2025-08-25 15:16:12	3	4	1	0
       87	2025-08-25 15:16:16	3	4	1	0
       73	2025-08-25 15:16:24	3	4	1	0
       81	2025-08-25 15:16:30	3	4	1	0
       83	2025-08-25 15:17:16	3	4	1	0
       80	2025-08-25 15:17:48	3	4	1	0
       86	2025-08-25 15:19:38	3	4	1	0
      178	2025-08-25 15:21:02	3	4	4	0
      178	2025-08-25 15:21:04	3	4	4	0
       77	2025-08-25 15:23:07	3	4	1	0
      179	2025-08-25 15:23:41	3	4	4	0
      179	2025-08-25 15:23:44	3	4	4	0
        9	2025-08-25 15:24:12	3	4	1	0
        3	2025-08-25 15:28:51	3	4	4	0
      131	2025-08-25 15:31:09	3	4	1	0
       91	2025-08-25 15:33:27	3	4	1	0
       78	2025-08-25 15:33:32	3	4	1	0
       70	2025-08-25 15:54:35	3	4	4	0
      179	2025-08-25 16:00:31	3	4	4	0
      179	2025-08-25 16:00:34	3	4	4	0
        9	2025-08-25 16:07:38	3	4	1	0
      173	2025-08-25 16:08:25	3	4	4	0
      178	2025-08-25 16:10:25	3	4	4	0
       20	2025-08-25 16:14:50	3	4	1	0
       70	2025-08-25 16:17:04	3	4	1	0
       80	2025-08-25 16:18:12	3	4	1	0
       81	2025-08-25 16:18:22	3	4	1	0
        2	2025-08-25 16:21:50	3	4	1	0
       77	2025-08-25 16:24:07	3	4	1	0
       70	2025-08-25 16:26:20	3	4	1	0
       60	2025-08-25 16:27:10	3	4	4	0
      131	2025-08-25 16:28:32	3	4	1	0
       83	2025-08-25 16:32:13	3	4	1	0
       91	2025-08-25 16:32:25	3	4	1	0
       78	2025-08-25 16:32:30	3	4	1	0
      179	2025-08-25 16:44:42	3	4	4	0
       83	2025-08-25 16:46:50	3	4	1	0
        9	2025-08-25 17:02:14	3	4	1	0
       60	2025-08-25 17:05:00	3	4	1	0
        3	2025-08-25 17:15:09	3	4	4	0
        9	2025-08-25 17:28:30	3	4	1	0
      179	2025-08-25 17:50:44	3	4	4	0
       20	2025-08-25 17:52:56	3	4	1	0
       14	2025-08-25 17:54:28	3	4	4	0
      178	2025-08-25 17:56:38	3	4	4	0
        9	2025-08-25 17:58:12	3	4	1	0
       60	2025-08-25 18:12:29	3	4	1	0
        9	2025-08-25 18:17:00	3	4	1	0
       20	2025-08-25 18:18:28	3	4	1	0
        9	2025-08-25 18:21:20	3	4	1	0
       86	2025-08-25 18:30:59	3	4	1	0
       87	2025-08-25 18:31:57	3	4	1	0
       81	2025-08-25 18:32:23	3	4	1	0
       61	2025-08-25 18:32:35	3	1	1	0
       77	2025-08-25 18:32:53	3	1	1	0
       91	2025-08-25 18:35:10	3	1	1	0
       78	2025-08-25 18:35:16	3	1	1	0
      105	2025-08-25 18:37:37	3	1	1	0
       55	2025-08-25 18:37:44	3	1	1	0
       73	2025-08-25 18:38:04	3	1	1	0
       68	2025-08-25 18:38:15	3	1	1	0
       70	2025-08-25 18:44:04	3	1	1	0
       41	2025-08-25 18:50:15	3	1	1	0
      131	2025-08-25 18:53:20	3	1	1	0
       80	2025-08-25 18:56:01	3	1	1	0
        3	2025-08-25 18:58:04	3	1	4	0
       83	2025-08-25 19:00:45	3	1	1	0
       75	2025-08-25 19:00:58	3	1	1	0
        2	2025-08-25 19:05:07	3	1	1	0
        3	2025-08-25 19:30:19	3	1	4	0
        3	2025-08-25 21:33:56	3	1	4	0
        3	2025-08-25 21:34:00	3	1	4	0
       87	2025-08-26 07:52:51	3	0	1	0
       90	2025-08-26 08:11:00	3	0	1	0
       41	2025-08-26 08:13:09	3	0	1	0
       81	2025-08-26 08:13:26	3	0	1	0
       61	2025-08-26 08:18:59	3	0	1	0
       91	2025-08-26 08:20:59	3	0	1	0
       90	2025-08-26 08:23:02	3	0	1	0
       77	2025-08-26 08:24:47	3	0	1	0
       73	2025-08-26 08:25:03	3	0	1	0
       67	2025-08-26 08:26:30	3	0	1	0
       78	2025-08-26 08:26:39	3	0	1	0
       90	2025-08-26 08:28:08	3	0	1	0
       84	2025-08-26 08:29:00	3	0	1	0
       86	2025-08-26 08:29:24	3	0	1	0
       55	2025-08-26 08:29:35	3	0	1	0
       55	2025-08-26 08:29:47	3	0	1	0
       70	2025-08-26 08:33:35	3	0	1	0
       80	2025-08-26 08:35:46	3	0	1	0
       68	2025-08-26 08:47:19	3	0	1	0
       75	2025-08-26 08:48:23	3	0	1	0
       83	2025-08-26 08:57:28	3	0	1	0
       17	2025-08-26 09:02:05	3	0	4	0
      110	2025-08-26 09:20:31	3	0	3	0
      168	2025-08-26 09:38:08	3	0	4	0
       60	2025-08-26 09:47:53	3	0	4	0
       20	2025-08-26 09:56:33	3	0	1	0
       19	2025-08-26 10:01:56	3	0	1	0
        2	2025-08-26 10:02:13	3	0	1	0
      110	2025-08-26 10:03:07	3	0	3	0
       84	2025-08-26 10:09:44	3	0	1	0
       84	2025-08-26 10:14:43	3	0	1	0
      178	2025-08-26 10:20:39	3	0	4	0
       70	2025-08-26 10:27:23	3	0	1	0
        9	2025-08-26 10:36:08	3	0	1	0
       84	2025-08-26 10:50:03	3	0	1	0
       84	2025-08-26 10:54:29	3	0	1	0
       84	2025-08-26 10:54:36	3	0	1	0
       84	2025-08-26 10:56:45	3	0	1	0
       80	2025-08-26 11:05:15	3	0	1	0
       81	2025-08-26 11:05:28	3	0	1	0
       67	2025-08-26 11:05:39	3	0	1	0
       70	2025-08-26 11:14:00	3	0	1	0
       86	2025-08-26 11:15:58	3	0	1	0
       77	2025-08-26 11:18:29	3	0	1	0
       80	2025-08-26 11:22:29	3	0	1	0
       81	2025-08-26 11:22:40	3	0	1	0
       67	2025-08-26 11:22:53	3	0	1	0
       84	2025-08-26 11:27:37	3	0	1	0
       55	2025-08-26 11:32:31	3	0	1	0
       55	2025-08-26 11:32:38	3	0	1	0
       86	2025-08-26 11:33:00	3	0	1	0
       77	2025-08-26 11:33:29	3	0	1	0
       70	2025-08-26 11:34:12	3	0	1	0
      178	2025-08-26 11:34:36	3	0	4	0
       91	2025-08-26 11:40:23	3	0	1	0
       78	2025-08-26 11:40:42	3	0	1	0
        9	2025-08-26 11:42:04	3	0	1	0
       70	2025-08-26 11:45:41	3	0	1	0
       60	2025-08-26 11:49:34	3	0	1	0
      178	2025-08-26 11:51:06	3	0	4	0
       55	2025-08-26 11:52:14	3	0	1	0
       55	2025-08-26 11:52:22	3	0	1	0
       20	2025-08-26 11:56:10	3	0	1	0
       84	2025-08-26 11:56:45	3	0	1	0
       91	2025-08-26 11:56:55	3	0	1	0
       78	2025-08-26 11:57:07	3	0	1	0
       20	2025-08-26 12:05:42	3	0	1	0
        9	2025-08-26 12:08:23	3	0	1	0
       70	2025-08-26 12:25:36	3	0	1	0
       83	2025-08-26 12:27:55	3	0	1	0
       70	2025-08-26 12:29:44	3	0	1	0
       60	2025-08-26 12:49:18	3	0	1	0
       15	2025-08-26 13:02:35	3	0	4	0
       61	2025-08-26 13:03:56	3	5	1	0
        9	2025-08-26 13:04:34	3	5	1	0
       60	2025-08-26 13:09:35	3	5	4	0
       84	2025-08-26 13:12:41	3	5	1	0
       83	2025-08-26 13:20:52	3	5	1	0
        8	2025-08-26 13:22:21	3	5	1	0
       84	2025-08-26 13:22:50	3	5	1	0
       20	2025-08-26 13:23:08	3	5	1	0
        8	2025-08-26 13:30:53	3	5	1	0
        2	2025-08-26 13:33:26	3	5	1	0
       80	2025-08-26 13:34:47	3	5	1	0
        8	2025-08-26 13:39:11	3	5	1	0
       84	2025-08-26 13:43:37	3	5	1	0
       61	2025-08-26 13:59:23	3	4	1	0
       90	2025-08-26 14:03:26	3	4	1	0
       87	2025-08-26 14:15:10	3	4	1	0
       41	2025-08-26 14:15:16	3	4	1	0
       55	2025-08-26 14:15:21	3	4	1	0
       41	2025-08-26 14:17:51	3	4	1	0
       86	2025-08-26 14:19:44	3	4	1	0
       73	2025-08-26 14:42:22	3	4	1	0
      168	2025-08-26 14:48:41	3	4	4	0
        8	2025-08-26 15:06:18	3	5	1	0
      168	2025-08-26 15:08:30	3	5	4	0
       80	2025-08-26 15:11:45	3	5	1	0
       81	2025-08-26 15:11:50	3	5	1	0
       67	2025-08-26 15:11:58	3	5	1	0
        9	2025-08-26 15:15:01	3	5	1	0
       41	2025-08-26 15:17:26	3	5	1	0
       87	2025-08-26 15:17:34	3	5	1	0
       55	2025-08-26 15:17:39	3	5	1	0
       86	2025-08-26 15:19:53	3	5	1	0
       77	2025-08-26 15:22:55	3	5	1	0
       73	2025-08-26 15:27:29	3	5	1	0
       91	2025-08-26 15:31:23	3	5	1	0
       78	2025-08-26 15:31:28	3	5	1	0
        3	2025-08-26 15:40:23	3	5	4	0
        9	2025-08-26 15:47:08	3	5	1	0
        3	2025-08-26 15:55:20	3	5	4	0
       83	2025-08-26 15:55:57	3	5	1	0
      110	2025-08-26 15:57:07	3	5	3	0
       83	2025-08-26 15:59:15	3	5	1	0
        3	2025-08-26 15:59:39	3	5	4	0
        8	2025-08-26 16:05:48	3	5	1	0
      173	2025-08-26 16:07:31	3	5	4	0
       20	2025-08-26 16:07:46	3	5	1	0
       80	2025-08-26 16:13:06	3	5	1	0
       81	2025-08-26 16:13:13	3	5	1	0
       67	2025-08-26 16:13:17	3	5	1	0
       67	2025-08-26 16:13:19	3	5	1	0
       70	2025-08-26 16:16:54	3	5	1	0
       70	2025-08-26 16:20:24	3	5	1	0
        2	2025-08-26 16:21:57	3	5	1	0
       77	2025-08-26 16:28:10	3	5	1	0
       91	2025-08-26 16:33:27	3	5	1	0
       78	2025-08-26 16:33:31	3	5	1	0
       20	2025-08-26 16:47:27	3	5	1	0
       83	2025-08-26 16:49:13	3	5	1	0
       61	2025-08-26 16:55:05	3	1	1	0
       70	2025-08-26 16:58:00	3	1	1	0
       83	2025-08-26 17:14:15	3	1	1	0
       60	2025-08-26 17:20:37	3	1	1	0
       70	2025-08-26 17:31:22	3	1	1	0
       20	2025-08-26 17:48:02	3	1	1	0
        9	2025-08-26 18:17:45	3	1	1	0
        3	2025-08-26 18:18:32	3	1	4	0
        8	2025-08-26 18:24:30	3	1	1	0
        9	2025-08-26 18:25:44	3	1	1	0
        3	2025-08-26 18:26:41	3	1	4	0
       86	2025-08-26 18:29:05	3	1	1	0
       81	2025-08-26 18:29:14	3	1	1	0
       80	2025-08-26 18:30:43	3	1	1	0
       67	2025-08-26 18:30:50	3	1	1	0
       77	2025-08-26 18:31:30	3	1	1	0
       55	2025-08-26 18:31:41	3	1	1	0
       87	2025-08-26 18:33:39	3	1	1	0
       41	2025-08-26 18:33:45	3	1	1	0
       91	2025-08-26 18:37:14	3	1	1	0
       78	2025-08-26 18:37:17	3	1	1	0
       68	2025-08-26 18:43:22	3	1	1	0
       73	2025-08-26 18:44:18	3	1	1	0
       70	2025-08-26 18:46:40	3	1	1	0
        2	2025-08-26 19:10:44	3	1	1	0
        8	2025-08-26 19:11:45	3	1	1	0
       83	2025-08-26 19:15:26	3	1	1	0
       75	2025-08-26 19:15:32	3	1	1	0
       16	2025-08-27 07:51:11	3	0	4	0
       87	2025-08-27 07:56:29	3	0	1	0
       81	2025-08-27 08:13:11	3	0	1	0
      105	2025-08-27 08:15:00	3	0	1	0
       55	2025-08-27 08:15:06	3	0	1	0
      131	2025-08-27 08:16:12	3	0	1	0
       61	2025-08-27 08:17:52	3	0	1	0
       41	2025-08-27 08:19:11	3	0	1	0
       77	2025-08-27 08:22:34	3	0	1	0
       70	2025-08-27 08:23:18	3	0	4	0
       80	2025-08-27 08:24:21	3	0	1	0
       73	2025-08-27 08:24:39	3	0	1	0
       91	2025-08-27 08:25:27	3	0	1	0
       67	2025-08-27 08:25:53	3	0	1	0
       86	2025-08-27 08:26:23	3	0	1	0
       78	2025-08-27 08:26:56	3	0	1	0
       70	2025-08-27 08:34:11	3	0	1	0
       70	2025-08-27 08:47:32	3	0	1	0
       60	2025-08-27 08:52:30	3	0	4	0
      179	2025-08-27 09:04:22	3	0	4	0
       83	2025-08-27 09:04:46	3	0	1	0
       84	2025-08-27 09:08:02	3	0	1	0
       67	2025-08-27 09:14:29	3	0	1	0
       75	2025-08-27 09:14:48	3	0	1	0
       17	2025-08-27 09:23:48	3	0	4	0
        8	2025-08-27 09:27:32	3	0	1	0
       70	2025-08-27 09:40:44	3	0	1	0
       20	2025-08-27 09:46:14	3	0	1	0
      110	2025-08-27 09:59:05	3	0	3	0
        2	2025-08-27 10:00:21	3	0	1	0
       20	2025-08-27 10:02:50	3	0	1	0
       19	2025-08-27 10:09:19	3	0	1	0
       70	2025-08-27 10:15:34	3	0	1	0
